11046
14746
830
2317
9561
14285
84
4283
4657
2795
790
1328
3730
8044
9944
344
11644
1849
11888
14470
7503
10986
10244
1215
12874
4472
10011
2806
10773
7131
11678
10984
1665
13362
8934
9599
15376
3750
3961
5877
8240
3211
13186
9078
14760
215
9325
13712
10023
9560
10816
5343
1752
8142
1556
13198
13768
7753
15103
1756
14514
10611
3475
3944
13978
10448
10878
14251
6868
2819
6841
7420
11127
12629
5319
12509
6732
8608
1220
13792
3296
3857
2151
5025
5920
7030
8384
903
4593
551
14601
15259
2748
10895
9781
2525
9605
11304
1620
10901
351
7771
15012
398
6151
5774
9652
8244
758
11958
4020
14080
3107
1876
15209
14964
4162
8003
14643
7794
11106
4383
338
600
15124
8321
2918
6327
11295
13795
14191
14465
15269
2274
3502
10225
100
6014
4984
4532
7468
9863
13981
696
6650
10735
728
1361
14058
14525
3918
15017
3441
9635
3136
5201
3262
7010
8735
9282
5506
10798
14068
14034
4804
1721
12604
12089
2674
4450
8029
11978
15130
37
15019
13527
10108
13042
6706
7263
10624
5721
7642
12145
6838
11182
3913
7947
9442
1887
1049
7070
12870
14036
10636
858
7376
11218
8940
9844
644
149
4900
4823
10449
14278
10061
10673
49
7870
4163
2975
9617
11390
9403
10614
10682
12083
5863
9656
11785
11625
791
2792
14233
13681
1327
6659
4412
7367
11400
12443
1150
4847
11778
8522
808
12494
13992
3201
10844
15151
3232
14134
8078
2472
7664
14758
11060
9796
9904
12347
7800
9914
14279
10891
2445
12300
1560
6701
7262
8738
2174
6518
7359
6286
13885
3219
934
7364
10419
13434
14298
5189
2934
6613
13141
55
9778
2680
3681
9218
12084
10849
13162
7759
4916
14487
6406
6460
7769
15191
12198
1204
4802
7150
7938
13912
5281
24
3764
1823
13376
12684
1666
2730
6876
4328
15084
12622
6176
9627
3902
2615
6149
3316
7172
1598
13910
7104
8603
9213
12245
6948
11484
1788
4432
1071
12828
13630
2128
8820
181
4913
3882
5823
7234
13195
9121
12932
8123
7593
3488
10038
11149
12703
6865
2231
11203
9824
11029
8575
650
7018
591
1112
11067
2264
1746
5741
199
7042
10386
12352
1233
8837
11211
8630
3827
8144
9530
562
2121
10520
13003
15411
10845
12015
9
7113
5136
8928
11417
13971
2789
6789
702
13398
1713
7647
269
13373
13691
12049
13858
4774
1591
5430
13835
1406
1645
13298
15014
14882
4415
2125
13870
1164
4310
15058
5847
9348
9649
10323
11261
9696
4978
3369
10392
1780
3348
14506
431
2041
2199
4346
9101
595
14138
14537
4722
13811
3530
5601
1151
1367
6935
1013
3455
12242
13293
6531
7746
15381
660
9862
11072
6381
8204
12203
14061
8216
14133
10948
4659
12374
8263
12399
12208
1073
7207
2117
1035
8494
9236
14131
15121
11731
12506
4213
920
866
13670
11619
2563
9981
14698
2548
1272
11040
1925
1322
11852
15417
11044
12756
1954
4035
5264
2257
3952
12914
6724
1890
14154
7327
634
10536
9699
324
7309
7343
9519
8255
12485
5899
9711
8626
1845
10715
4144
11059
2961
8020
3277
7266
12466
996
5640
11442
7419
8322
14995
5207
1799
846
4089
10206
11910
221
13191
11577
10110
5988
4444
15262
11090
2299
5901
9251
11135
11252
5119
6169
6842
277
11986
6078
8745
4204
3518
7001
11131
4517
1822
6702
12111
1308
14898
15081
3445
4712
541
8944
14955
11792
10216
5285
6794
11575
12529
5464
12560
9788
5886
6611
14576
2143
11056
4141
90
7900
12368
13230
13329
4960
5646
14954
5582
5951
4603
12001
13313
4694
14346
8259
3656
1214
4256
3363
4190
11270
13538
14807
14722
85
9833
13242
10938
5309
12355
993
7146
4493
5489
7942
2978
12589
7549
5894
13830
12727
12234
12075
11983
7475
12363
10496
15144
1861
14065
9608
10242
9612
15378
2497
14536
9235
1625
8387
2671
10365
10119
6503
13509
7710
6553
12820
15185
8605
9595
10285
3173
12805
2427
6913
7737
1463
3718
7076
14729
7608
1548
14589
18
4640
4288
4349
4999
7491
7743
13051
13605
12122
14889
2802
14457
6953
14516
10381
10860
11554
9438
6200
36
8180
12040
12434
1821
11809
6220
13573
6911
14539
576
450
4638
9272
8192
7178
3324
4644
5739
3347
9746
8455
9756
3654
7958
4695
8711
4086
9931
13923
13087
6787
4297
6204
9374
12568
8648
12534
5113
3639
13596
4145
7679
9060
8476
10388
2357
3384
5357
11142
766
332
10070
3070
7922
4733
10240
13291
13480
81
1396
5867
2692
11898
1371
11991
14250
3635
4269
10418
557
893
12017
13719
14800
9686
10050
11627
13884
1131
8065
15001
8213
12400
14426
9390
15392
1281
14429
12452
629
4214
11609
8779
7244
11392
4949
965
5848
7557
3971
6109
8401
12628
13553
872
13759
14782
10092
10662
13957
4337
13284
3592
1549
1743
5252
9583
851
8666
5944
10631
6197
5632
8973
3793
7957
9881
1757
3933
4955
7307
8456
11531
11914
15160
8627
3603
73
2189
2540
7009
8607
14599
7236
15352
10509
5484
9281
4940
12333
7484
1963
5324
5342
7926
9965
8055
10666
1241
2624
3186
2457
10999
13133
1226
203
8767
5467
14490
14540
6539
8661
10890
777
11638
12107
1397
4247
5576
13716
9855
11243
8705
13279
13050
7265
9614
1723
4766
8138
8171
11420
14636
9793
11348
11846
3463
3317
15341
8902
14390
4241
2177
5146
190
501
12672
8339
2481
11948
13452
13687
4886
2929
15136
8597
13204
126
2321
2729
9116
2308
6978
2878
9137
6936
13057
13424
9288
12247
2967
943
5141
2273
5956
1650
6370
11293
3931
8178
9097
12119
921
2490
5203
10879
14965
7622
14333
13897
14858
12489
10787
11436
12200
12896
8896
12695
12721
4692
15239
1913
471
9100
2808
12845
14984
8125
12940
15284
13539
7158
10493
3501
552
802
12584
5783
12792
3945
5967
11004
13357
13409
8469
9994
12251
12274
6998
10081
13510
907
3016
10576
3269
9731
4466
1988
11228
3089
4876
1423
7274
7791
12943
876
5224
3763
5856
11198
4820
7963
13869
7540
282
952
1630
3336
13846
12901
11259
8408
12561
3330
9197
8417
15385
4749
7615
2589
492
9286
1795
8942
1667
14079
5963
378
3840
4575
7533
257
3622
13097
4176
3756
11399
11286
9120
11671
2043
3117
11245
3506
3505
4486
12264
3555
15233
8166
7
8714
9182
12405
13669
626
6581
4216
3469
9589
14528
498
10606
523
1970
1854
9554
8372
285
15355
3778
12745
13947
12265
6635
14202
10775
6810
3719
14872
5438
10913
1465
14454
7241
1085
7618
13248
14934
2935
647
13834
9766
2021
4281
1572
1804
3042
4364
4723
5738
373
6634
9447
8377
1260
7525
8191
8481
4970
2569
1445
3009
15367
535
14905
9820
1417
732
3832
3935
6227
7923
14159
3811
4315
7126
10259
13750
10943
1434
3594
7747
10501
14574
11020
1881
13550
619
14496
7065
14733
2081
2614
5675
12237
8550
14515
7584
10795
4558
12249
6900
4434
4225
11220
950
2332
10859
2686
4238
11421
5768
6572
3884
7585
10550
3346
3747
12713
10679
11234
11547
5605
14721
11256
9707
1299
1437
15274
3705
5962
1422
11457
10303
12556
7663
15155
7988
3343
6432
7757
8324
5818
3510
12361
9417
14642
6755
5669
12908
4656
12748
3780
11022
13396
2331
8780
9198
10607
625
10330
7204
10732
255
12398
7819
682
6416
4405
11483
3289
5895
8557
14590
2721
1889
2834
8621
11723
5137
10097
12941
3426
8217
6649
11742
14558
1476
4109
7125
15224
8555
12640
14024
9076
10731
6549
7495
15291
6778
729
12528
7821
11918
8556
691
9577
13175
11339
106
3304
5694
260
12332
5035
1894
5609
5263
1660
1585
6555
2402
10439
662
2072
14257
2755
1314
7899
489
8250
6302
13700
11684
3345
7605
2261
12971
11315
5011
14383
1688
2127
4348
13370
13714
7782
14130
1365
1808
3476
1831
5633
637
5259
9777
13607
12171
12410
7240
13580
8358
9506
6061
5065
547
12516
9315
10034
10227
15006
2550
9464
7894
8360
9001
10506
2592
11119
12315
13102
13232
5399
9964
12524
1636
522
1297
3745
11904
8056
10424
12316
14841
11755
6877
12229
9934
10846
14927
8122
11819
8676
6819
9428
10707
11822
976
12417
10825
14292
10008
11117
10932
3636
7624
721
5811
13784
7286
4668
10649
15102
6026
2048
11540
9733
12654
14894
236
5859
13729
9094
13899
8819
3503
10165
2044
6750
3494
2208
3006
13435
9486
8405
9069
7705
6205
3453
229
1949
15230
1741
1530
10634
14088
11145
1145
2725
14162
12034
10783
11005
8538
12349
8453
14147
6508
7863
14284
2111
12937
14545
12866
240
10473
3706
9262
12991
982
13468
7537
13364
121
478
208
9381
14269
5529
11109
12513
6720
9307
13695
1638
4832
675
2254
10467
5229
12837
13165
15359
3176
14443
15322
5627
3128
10162
1923
12473
8183
1516
9809
10461
11213
5274
11717
1196
2677
14316
3259
10226
3762
7649
8438
15164
7300
7545
11530
8370
9673
12705
2933
1844
3784
3537
5058
205
9467
13451
15317
3805
10272
7888
9219
12052
3866
12478
12789
3953
4628
4747
7772
11892
11239
5927
9498
7526
6996
1277
3614
10949
12236
5541
10817
14432
14798
14957
10472
9723
15076
2777
291
1884
13692
4169
6560
9545
9624
9679
9951
7765
12126
13927
3170
13890
5101
3381
5993
7653
4059
2325
8005
8926
13143
4154
8923
14897
11539
7409
13996
6211
4280
3782
4705
12796
11528
12238
8643
1
14428
3620
2340
10837
11505
11718
6529
5126
13265
13526
13240
5563
4121
13965
7479
9268
9869
11405
10752
12979
6089
14361
9625
14264
13238
8784
9145
4757
7386
15038
4342
5926
10458
4014
11698
1866
13189
2369
7144
545
1775
2392
4430
11899
15057
1208
15216
5802
2289
3539
9522
8907
14479
3999
13466
3379
99
12488
13122
8190
1736
2181
8140
8021
13303
12921
14998
8925
4805
14946
13268
10719
1074
11759
8425
2399
9449
9666
7345
3085
7572
971
4755
4071
3462
10321
12915
659
684
5166
3265
8785
5093
8787
9049
5443
11750
12324
9377
10505
14660
6499
7567
2724
11357
454
1262
2921
6295
2698
14105
4956
1937
5365
10516
2359
1978
2555
13876
5094
5243
12724
10684
14196
12176
759
9310
13304
4343
10713
6580
609
4394
3017
746
3118
8743
14407
6086
3036
1090
1985
13653
5755
11997
14071
474
2883
1386
9333
10208
2403
11808
13855
15008
10582
9842
9894
2073
2981
9730
606
5829
10863
12598
10454
12674
94
12036
4490
6494
4087
9169
167
776
3332
10861
2731
2400
7171
7506
10304
11100
10002
556
2304
13074
698
6771
1740
10479
13939
9334
9073
1492
4993
6667
6906
8764
12770
12916
14701
3312
8475
1965
13194
7137
10044
4175
11603
6514
6366
12875
1871
8903
868
8433
5773
9392
10885
1346
12809
7461
11191
218
3978
9573
6438
4691
7306
10234
4304
4375
10001
11955
7905
13585
14319
8495
11268
7134
11591
7322
3049
7457
13028
1184
4420
1368
13447
14873
1877
725
7255
5404
11489
10319
2835
9636
4583
176
256
1334
1413
4729
12437
7993
12448
12839
2275
9220
1921
11851
6489
3533
4008
3030
785
8115
4243
4177
13095
3352
8451
12369
8467
5015
7190
11618
5643
12421
2486
15428
12871
2122
11781
10301
1819
11862
9818
9559
13492
3769
14150
11365
4067
10570
12662
3436
7835
12486
5949
6759
2373
8948
7122
3154
13049
1082
1521
6867
1089
7005
12812
15053
15205
11112
4185
13694
8164
14887
5635
13093
12602
9655
11836
7214
1691
13661
4817
7438
2884
3601
3520
2484
2709
6160
15005
5195
8275
1958
692
3241
1997
9148
12326
7603
1506
14052
13776
15436
533
6346
9551
11859
12407
2110
13820
3315
14778
15036
448
930
8139
8760
13677
12491
11890
8443
2988
4921
7588
5936
5495
7665
13488
2611
15373
4422
6357
9057
11686
13327
14094
2927
4713
9997
763
2971
4562
7282
10552
5636
15039
3914
10072
4264
11498
5303
7277
8160
9202
3783
11709
6607
6246
12012
2091
3382
6894
6975
6261
4871
6450
8703
1257
7316
8464
8269
11285
3249
7456
7874
14209
10169
10544
9258
7149
8091
8220
11292
13592
2496
15301
12578
6287
14702
388
8739
5698
4022
11308
1182
3398
3553
2760
7767
1168
12741
13408
365
14666
3096
6942
9985
14942
4742
6421
11936
3292
12610
9623
10101
7048
10189
6097
10872
7744
1006
3633
6928
14474
13955
7043
10602
13190
2302
2473
13997
3698
14909
3200
632
6233
6547
7031
4599
6207
2099
8731
10344
9887
11253
5393
11333
12041
497
6445
7449
14687
5396
5623
9082
10664
196
9529
8800
9164
7807
13119
13334
1782
14947
7975
1577
2763
3591
7017
11831
7565
13644
15238
806
8775
14355
5872
358
9379
4836
9412
10410
1175
3321
1872
10057
10618
2924
2923
13395
10398
10720
13203
9669
5792
10075
11635
13404
14774
2683
7785
11713
7062
7539
2783
12205
11711
5380
1712
2018
3129
13448
10264
14700
5777
6652
10350
2501
1486
6155
1596
2893
11655
13111
5902
7854
15002
7170
11397
13705
10243
9020
12
12496
4584
5692
11519
9986
3264
2754
8624
7264
14493
4613
9806
2450
14412
14367
13462
4519
6807
9845
12905
499
224
9580
1662
7238
7787
9535
12658
8435
38
10176
13916
8045
9602
6738
6156
455
2423
9454
2134
15073
9728
5234
6944
14644
10343
1567
11581
9647
3356
12680
9761
10660
2015
4287
15340
113
2150
1472
3377
10210
11501
11517
6020
7036
8678
12771
8750
5708
7760
11076
7499
393
14464
2739
1132
6433
10969
8838
15176
12607
11557
9463
1388
2600
6001
10178
12088
11180
9226
8685
3891
14095
13648
2375
3776
7837
8546
3509
7291
8184
864
9927
730
12698
11979
12850
12286
4835
10197
5290
13172
5584
2960
3846
8883
5042
12965
12227
12928
3712
13839
10990
5188
11932
7516
194
8544
3529
9156
9566
4485
8037
8012
7433
10834
14615
487
3015
8066
7329
2020
6440
8136
1087
6088
10078
11802
13655
4262
13092
3366
8505
5564
5297
7981
7055
9269
10133
11937
13071
11246
14664
3740
3034
7183
7574
9173
10869
15330
5857
6903
8080
2224
12482
3072
7481
1639
2251
14627
889
1990
5425
1681
6648
415
2237
1111
7872
1394
1948
5370
14417
3169
1429
10589
12256
13282
4179
6219
3240
13328
7033
1706
3855
9998
13564
4866
1930
520
7416
8117
4771
8156
12442
13555
3057
10214
6199
11960
13995
11874
4085
1735
7305
12730
13528
6721
14521
11349
12468
7656
5248
11063
11037
14029
2240
8502
7118
10694
11278
13755
8847
2837
10724
10790
1267
11225
15189
14276
8163
9143
4039
9376
13743
1318
375
5003
6038
9147
1338
2848
8311
12204
1225
4572
1684
4789
6272
4136
9808
12250
11000
7346
3970
13733
3279
8737
6434
1286
13493
4618
5932
4530
9876
12959
13816
476
6183
8562
14476
1532
1261
847
4710
9494
6888
14862
13572
13958
4427
13490
6467
8911
9660
8671
10968
1885
8353
11928
8396
14053
13966
1858
5928
7959
3758
9702
10
10608
14388
3899
10835
11513
12507
13458
6157
9797
174
9983
8214
10036
15369
6595
8740
6150
2845
6257
11813
12062
14003
9181
13617
3568
7654
13721
10705
8519
5577
10827
3610
5771
9485
1742
14640
8561
10236
3932
11094
6775
7462
8415
1546
7460
1114
1102
12811
12903
295
11503
11804
13900
14886
815
10084
14963
3180
8639
13127
145
14527
796
6552
3417
12440
6277
2031
5855
2005
2326
10629
15410
12433
2037
2432
14006
2417
1525
8553
14205
4229
3148
12183
6694
7224
6830
449
14499
1395
3188
9920
10564
3623
4115
4870
6524
1400
917
1052
7387
4497
3514
5151
8976
9502
10931
15193
13491
2964
12495
14920
7417
1446
4249
4525
9776
11209
15142
7657
389
4293
8120
5033
8830
2158
10527
298
4278
15004
7991
7519
9172
2562
10736
10490
12691
14656
9029
15240
2205
6850
7829
2868
154
10329
7722
14836
2422
10851
7688
9719
12260
12821
13441
2062
4933
11660
13602
1047
6484
10460
1848
7253
2938
12018
3011
7424
14940
12120
12467
6962
7871
11553
13551
6579
5022
14240
7694
12838
10918
3543
123
13840
781
4995
4639
3672
651
14044
12038
12920
14270
4414
1050
3641
3748
2430
5634
1805
2499
4776
4425
6328
6275
6497
9297
14375
10639
11364
3305
6463
12357
12456
14761
4172
2820
4952
6588
12221
14730
15319
133
8922
1419
14259
88
797
4689
1911
6754
13930
416
6243
4813
12887
10678
5625
8744
11018
4138
5918
12750
14180
4301
11165
2912
2028
12076
12685
11728
2348
3088
9410
1996
10427
14385
8348
10498
13751
13187
7880
8030
1136
11003
2323
4923
2687
11917
14160
3585
11984
9906
67
1640
3038
2745
5462
2705
8333
8439
9187
234
5386
621
8004
2485
6625
7658
11170
13155
11410
5257
15343
3685
15143
1656
1724
5922
6477
10569
13069
2262
6586
13476
14422
10593
14864
63
10605
4709
1498
8884
11853
13443
14707
14847
11114
12627
1536
6570
1818
4080
13152
4635
7577
6498
13235
4637
2255
14199
9925
2505
12736
1426
3606
5240
5861
6485
4626
7611
10270
4828
6349
13496
8126
12624
4449
9735
2061
12408
12175
3583
8356
2483
10143
11953
4061
9099
7576
7280
7607
11650
4401
5353
1163
3387
8596
50
116
4851
4555
762
11093
2509
12144
15285
13
8504
8719
6304
10064
11161
12580
9365
6984
2063
861
10445
3424
14374
9405
1873
3516
14795
14834
2160
14371
6645
6226
4736
12153
1333
11658
14654
1670
13766
597
4370
6478
11669
10580
10920
7483
4812
8589
7138
7927
3104
11520
6741
3845
9811
4049
517
2184
8933
3334
15312
3755
3590
8968
14156
7222
8127
7444
6656
11414
13640
2672
7848
1149
10150
9877
3665
11524
8109
9846
5389
13260
2227
2695
1405
6666
977
11630
12252
12325
13713
975
1623
14289
1342
4967
13270
942
2843
8224
8793
10765
13699
7720
6312
13139
274
9157
12243
11012
14389
8193
9513
15032
12619
2366
6279
11133
2446
9368
14258
7261
7487
9316
6324
8188
11848
3826
10764
6797
9754
2464
12320
14736
4884
13684
1161
14907
6060
10080
385
8970
4164
9211
6898
3193
3376
5416
2549
12302
12212
13598
14745
2897
1121
2079
14922
13744
7928
10252
14838
4220
10854
9330
13145
10489
315
12714
2660
12191
12350
13601
1882
7289
11688
2658
10625
3184
13921
2297
6693
1389
8022
2903
1491
3598
12544
14045
7464
14005
10809
1763
1977
9628
3202
7053
10802
2833
5480
1399
7817
14839
13606
15420
10262
13103
7049
2136
14577
3414
6646
15165
232
2133
14962
5165
13949
5511
10090
8590
14445
3025
12625
1003
14987
15153
5714
10828
13805
15324
12985
8635
3934
2157
4165
8130
5973
13972
13202
8664
8174
14595
9436
1458
5989
10198
1655
8865
14187
6793
12219
7246
5222
2847
3984
2515
9536
14551
305
1018
9959
3331
1524
4246
11471
5715
7842
4295
1579
5135
7675
1738
11783
13161
13411
14011
14373
13530
479
10135
3951
12362
1206
4266
14460
14943
1439
6354
7550
1101
14401
5883
7086
2411
14904
14461
8212
1558
4397
502
12273
13219
6709
14871
10706
11210
13085
13321
9102
11244
2842
1559
15162
10974
4400
14608
14286
8915
9015
6696
12852
6126
11441
3562
828
13498
13742
12474
657
8141
33
14726
7910
6456
10548
3551
11789
1616
12854
2556
6940
1725
6952
10465
13205
3982
4704
4199
5716
3919
4367
11271
13173
12886
10565
10689
8975
11495
7946
3487
11481
10842
11765
6512
5053
10727
7108
3515
12892
8799
11626
12650
6353
665
3434
13799
4516
12558
15220
3328
1957
5711
392
5307
8943
10800
4581
2001
6826
8640
3774
13513
14067
5850
8734
1092
5449
12432
15022
14087
896
3768
5639
3998
4783
6747
6884
6885
8118
7630
8133
14103
8771
13828
349
5265
7391
5841
8580
9016
2922
3174
5294
12575
14126
11558
12222
15097
14099
9690
13214
14935
11061
11183
5975
2360
3943
8770
12846
3132
14341
3159
10025
2716
10681
6603
1212
4902
1863
5940
11181
13728
11864
2665
3131
3911
5409
12100
4811
3327
3396
3974
7573
2679
5659
14588
11756
9144
2941
314
12653
7929
13935
3964
4263
4029
296
10192
13536
7889
15064
3143
8334
13346
12422
2221
5730
8189
3504
13449
5998
5874
2628
9355
10336
11463
1856
11690
4285
4752
11509
4221
5611
7046
855
13754
4975
4102
12397
12922
3141
9455
7628
9948
969
14750
12694
4203
13703
9028
4782
10123
2513
7727
15055
3092
7211
2770
670
5569
11900
6985
9989
11610
3255
14727
3340
3671
1879
11042
4926
10823
317
2226
6369
7232
1615
2948
12480
8920
12114
13116
8609
2588
1679
6958
7755
8860
2875
13907
15404
10032
7153
13783
13903
6268
5960
1642
4344
6993
8017
8320
6229
10145
814
10794
13789
11443
9897
1750
1604
7697
10338
5984
2799
2178
10908
12166
5751
7119
869
451
6815
9526
4672
11439
14559
2435
15366
223
1817
9875
4361
5760
3097
4267
6135
8772
1700
7948
10537
11943
10290
11952
13868
4147
9703
14307
11569
7941
6333
12773
12262
3937
14222
10333
7221
5999
7145
13826
12064
15007
8227
10224
3632
5553
2979
11657
10171
6875
7488
5382
2824
8019
13764
13917
13707
2945
10215
6577
7984
6461
3775
7492
2038
11861
12254
14816
592
5718
4252
4271
6839
7175
178
819
11820
3669
2388
853
9014
2597
12057
1210
6573
14678
10457
5624
14614
6102
6071
1503
7850
10382
3394
11024
11132
15221
9273
2642
131
14562
7187
8219
4286
9637
8424
4448
12151
4768
11787
4074
973
11807
13499
11814
1279
15078
510
2164
7200
5701
1325
2244
5461
14659
14680
15171
35
503
14641
12904
7313
712
13297
2502
3940
6471
8638
12788
15374
10921
11683
2594
5221
9393
10511
1754
1538
10248
72
10107
8042
14365
6933
6843
13867
1040
14111
11201
11872
1768
1058
6307
8756
15175
14203
823
11276
13383
14014
2940
6730
7084
13377
14554
9210
12723
10155
6293
6300
3576
10308
6161
12087
13120
5913
8414
141
8063
13938
4643
12177
6500
9383
578
5223
3852
13970
7287
12104
15279
11576
2713
12592
666
4227
7164
6596
5296
8480
6845
1421
884
5453
8890
8980
10268
8365
5368
13100
11700
14719
3134
2578
8362
7646
6672
4436
980
12590
6538
4076
9938
11384
3395
13474
14826
6615
2779
4948
6465
8515
6363
8863
10139
1443
1998
799
5216
9036
11761
15025
4822
8198
5320
6083
5062
1158
4404
2593
722
4037
10551
5143
14547
5048
3611
15277
5780
61
1026
4464
12858
8702
496
4578
10619
6742
15204
6776
8053
2559
4810
2017
12999
7284
5853
2265
995
8064
4198
9726
15080
11235
14212
8371
8598
172
7823
14421
9245
1030
6769
882
10578
2393
12013
1570
537
4943
6190
6705
9084
10601
11031
12899
5169
3838
10617
12184
2096
10873
9556
6773
3114
3741
7847
12133
11159
12459
13486
15150
4839
8644
12708
9021
15379
3844
2914
3300
1020
13072
10063
3699
10276
7168
3526
3847
5132
1644
7686
9398
11325
12911
1128
5608
7983
11595
15295
8776
14489
1250
6791
10362
10485
11101
11284
7034
11998
13541
10935
7121
7006
8527
10572
14141
1373
12403
1906
8172
488
5308
7920
13430
7166
3885
11446
12414
276
3451
9149
5670
5115
12936
5089
1172
4207
10046
254
9199
1613
11217
6992
1224
8175
11935
9011
12268
5278
9373
5097
13349
1606
6004
3275
6713
15027
8994
8049
4852
9858
3824
5789
8470
15266
7233
7507
4777
13107
5950
2372
3752
7706
9665
10140
4800
6578
11174
5473
4856
13849
14481
4478
9472
10755
7969
3021
5355
8354
13178
5915
14917
15201
5433
3862
10041
4484
2925
8468
4885
5887
10055
10136
1479
3258
14885
1039
4093
5471
7315
9072
11895
9266
11838
10696
12752
7421
8325
13070
9221
14384
1699
6052
12014
526
4507
7362
13302
15095
14179
3301
5517
7742
10193
5790
323
3361
932
2969
5405
11825
12856
10012
12944
1720
5728
6064
334
1157
11586
12207
4953
6249
13206
6267
14403
3053
10312
1019
10416
12413
12066
9372
357
6452
2955
10642
2026
4230
15015
6879
1306
9479
12117
8612
1632
5336
7711
11643
14831
14093
10656
14116
10959
9819
11959
10902
15062
1320
11025
9200
10185
1169
8277
5149
2541
3406
7873
9709
14633
11675
11990
14923
13134
6403
8795
10393
8531
1430
9090
5791
8280
8959
4100
14585
5205
13320
5299
14016
4379
3825
12029
14158
570
8514
13864
1875
5881
4260
10273
840
4825
5982
5372
11452
4791
2790
13798
2487
5491
2985
10471
1125
10115
1695
14823
8039
3374
9594
1289
11537
7191
2920
2147
6880
5270
13950
14651
12263
6685
11614
124
12586
2469
874
4974
9790
14260
9255
12367
13456
1188
4298
4504
12642
160
6522
10686
2067
6698
10674
5749
7331
5244
15214
5209
6567
12612
3479
14238
4988
15422
2385
5214
11921
184
5810
2608
9038
2153
14025
13770
13263
14173
1907
11544
10779
1658
8956
1518
2652
13647
1017
789
5668
2904
13256
15219
6400
12677
4934
10302
10309
11329
15299
5017
9620
6676
6134
10180
7591
4798
15236
5658
2390
13033
9430
771
12388
3626
15137
1053
5843
7762
14217
13632
4642
5415
4830
2761
5008
11340
13233
9421
9544
708
1928
5696
1972
4641
7212
2901
15170
3217
4985
11255
14135
6835
1677
3110
12431
13968
13690
14821
718
731
2421
2648
11926
5581
14362
558
4840
13016
10464
8336
913
13344
12907
15431
9729
11794
13475
6956
3276
13515
13964
10146
7278
10915
14505
8650
5806
1148
11283
5301
8774
8892
4161
13812
2380
11406
12121
3391
10254
7674
7887
11138
3521
6240
7011
12042
5397
5314
11882
4017
8038
10697
15010
2638
6600
6072
5880
15371
1409
750
11373
540
3058
144
4339
4116
8340
13296
5912
1568
3597
4627
7293
8300
12776
3412
2401
2180
169
9475
9639
13837
4382
10186
7341
4860
10326
1500
6629
6861
5472
2719
1351
13697
14915
3988
11085
14119
12514
11869
4688
5674
1510
5657
4443
9416
1796
3981
12420
6777
5592
4544
8135
909
5821
8497
4609
14475
9127
14048
2662
3045
11274
1134
1764
7081
7712
307
8809
10247
780
9980
14949
10372
8493
9063
11125
5979
4564
3066
4853
11038
11934
15184
3864
2236
2225
6671
11668
5612
4411
3234
13416
14210
1971
11562
10366
11055
5615
5725
7505
10702
11312
8242
12199
10830
13618
2520
4622
14405
1912
2908
10207
10346
7733
2118
10597
6355
6430
4140
10603
10019
5763
8667
11527
9695
2606
527
8792
15345
9812
4708
3939
5363
5924
9077
14990
11351
4354
14275
13535
13628
10866
2465
10188
10899
9215
1382
1459
13604
6712
426
6677
5492
5737
14297
15328
5041
4889
31
7296
6361
4258
14939
6802
12859
8796
283
6436
9928
14211
9524
3253
1211
1238
2338
3457
171
5622
7429
3235
1914
13928
3364
4036
8867
9429
11594
11666
2410
4617
9402
9093
3683
13150
1104
5687
9668
11103
14755
5155
3773
9504
8281
10112
3878
9864
11272
12053
12225
6840
1154
4523
3392
6108
10843
14980
1068
2870
15286
15403
6222
1348
8068
11411
8652
12542
12633
7378
12329
2688
4520
9044
6317
9459
674
12387
7201
9128
9470
11353
12777
11237
3272
3557
7430
9394
15358
1115
3183
3335
14478
2306
6760
155
12193
12722
8472
13167
9724
13636
2571
3742
6236
12447
7559
9126
13508
14874
15146
13367
13578
3119
14908
5060
3803
862
9096
12327
15196
13850
2757
8024
4330
1527
9968
8432
10632
4453
11810
4215
346
4366
14877
1239
9857
1541
14125
8586
10598
7527
8991
13308
12385
1383
13624
9698
7779
3351
13130
1096
8601
14667
3856
6458
9135
5522
15139
13199
12168
844
2232
7335
6853
3802
13962
15190
6025
8050
2491
11068
5945
7259
1663
424
1447
5087
11490
14394
6618
6976
6343
95
736
7590
3552
681
1874
2889
2186
4509
9125
9152
1107
6534
10195
8753
6215
5373
1833
4452
4631
1717
9911
13220
1865
77
8578
9940
6443
8918
7442
6502
9662
12342
12306
13271
6028
9681
13946
6691
204
12799
6980
15211
15046
7028
12849
4235
10626
10079
316
6015
10944
13115
9511
7661
10585
2316
15264
4576
7128
8001
7956
3673
12000
648
6961
2022
4002
9615
13239
13731
13060
15061
1159
11111
3425
10484
7127
14227
8081
5150
9186
10502
2564
11566
1230
9040
4371
15368
1893
2247
2681
12709
14472
13895
10122
3584
13421
11913
3375
5645
14174
9825
6023
11449
2016
15288
7245
9838
5801
13568
11721
6871
8337
8496
1054
617
9678
5001
11747
4075
3029
1683
3677
6994
5198
5317
11706
7109
486
9738
9042
9445
12824
5403
7413
8474
3646
5986
9446
3980
12761
15256
598
11478
9337
4596
10403
14167
11732
2926
11287
5388
2508
13402
10562
13802
5596
8205
213
9204
7161
7634
9458
2270
5110
6007
9461
10780
12346
6663
3308
4586
6556
11366
2720
6490
15198
1259
15304
8400
7388
8521
5793
2318
3519
8851
3858
8900
11894
2829
10595
12567
13898
7542
3274
11361
12779
12842
15334
2862
5418
13354
1113
11994
5830
11826
15048
10579
14104
1275
3854
7486
14248
15120
4818
6051
8076
6753
8283
7174
3807
12732
7652
4200
15049
6979
7012
12098
6069
8349
11215
12947
11661
12692
4780
8069
14688
4410
11369
9168
12925
14312
12728
6967
5631
13283
11720
6575
6591
10785
2861
4908
5691
5910
7650
10231
12660
14638
7016
9659
6731
11827
7216
3541
13777
6036
152
1129
1461
9290
13392
1140
7708
3670
6367
7826
13778
13933
2817
7683
4891
8683
12125
1243
2113
13506
12643
8684
12551
8829
14751
7685
9632
406
8051
4971
5519
401
1431
12290
8215
11206
239
2272
8965
6605
11066
12992
13440
7709
1025
12109
2694
4597
3181
3749
3684
1099
6128
2426
6424
8777
13654
12060
8836
685
13083
9435
4292
1312
10018
10976
6601
1490
4767
2353
5649
6130
1557
9807
5384
464
8758
773
11555
622
120
10717
14952
9606
11821
1390
7831
11648
12070
6982
13481
6711
9773
500
12027
4289
1428
10922
2676
4069
5980
6473
5534
2075
2965
1565
2434
11722
6213
1774
6218
7701
12527
13138
11222
5019
9179
10251
6507
8653
14424
10814
12967
12312
5549
13593
9988
7100
5345
4837
788
14766
8241
8697
12490
472
1002
1452
12973
8919
5826
9025
4652
13079
14287
9585
1146
6283
1066
11774
7793
5242
12754
11338
13384
7750
3881
6446
12160
2159
9279
7951
3702
1951
5232
13883
3511
1806
4531
14997
2287
693
1622
7761
8113
12044
11944
13350
13363
4317
2651
14890
11663
6566
12471
1829
12815
6057
2574
4690
14848
5816
3116
2349
12074
9916
3067
2012
2070
6044
12129
13040
9837
761
8536
14106
1199
13045
1339
3680
8674
694
2591
8129
3843
2780
7944
3727
1711
15179
5142
5197
7741
1354
13324
5069
2794
2437
3052
14359
11891
972
312
8251
11157
12876
7723
13831
11833
5839
5618
7140
11624
466
13545
3499
13247
2858
11141
3667
14252
4171
13158
2474
2815
1350
8116
10772
14102
2535
4522
6542
2859
4153
1834
8137
10073
7039
3619
7521
8067
3311
2708
2818
4734
2872
2368
12623
12989
3565
11584
8098
2090
15442
1194
2008
10594
2347
1702
15013
2634
7619
8917
711
11628
13185
9873
14213
10831
12163
9546
4357
14415
10130
13806
10007
753
12186
9474
10385
11197
7758
8958
9578
9579
5451
4859
6785
4050
11297
14958
4130
4917
10442
12767
11980
3859
9382
6999
15
11016
7626
6766
12832
13123
6832
7133
9929
11737
4276
12630
5445
10294
9826
3282
12321
11378
10985
9188
2084
11696
12603
13853
15072
8225
4111
14027
267
11097
1126
6096
3703
2727
8060
8573
507
166
3976
9750
13583
201
3189
5330
12562
12906
1433
13793
3831
5038
8509
10450
15393
12501
4406
5957
8815
3153
9958
53
7196
7447
14933
832
2715
13353
4554
5159
3112
8894
12863
8286
811
3872
9047
13908
7271
217
4552
15069
793
1952
5379
8394
8583
10157
11458
14216
6599
5762
75
5699
8411
7806
8803
12569
9359
13756
1425
12521
209
12317
15114
3231
14013
9081
9902
2566
1807
4942
310
1075
10402
10106
10804
13959
5037
5021
1852
11419
10545
14918
14512
5123
14100
14681
12621
3139
15110
4391
309
6772
12763
8086
11311
11160
5535
9727
2146
10347
11464
12231
8766
15287
9224
4178
6801
2223
259
7427
2027
7151
6527
3806
6319
8072
13369
8237
14720
14337
505
4540
5890
8367
6609
13673
12827
6120
1078
2155
4195
9407
11676
9718
14711
14132
6896
7152
14775
12141
859
8196
2759
12297
14022
14630
9384
13881
2259
1603
10824
4931
5838
6046
6918
6895
13642
11840
10979
13701
1629
1945
7197
6299
673
8229
9418
12285
7256
1609
5256
2704
4331
7114
4880
10746
10784
11394
14566
2228
3127
3985
12246
1031
5428
8689
3220
9600
768
13004
5724
3225
11950
13012
1016
10415
15163
1820
14828
11534
1235
4925
14794
226
2313
6827
8054
8087
798
7451
15045
6000
12450
3204
7029
9786
3291
8491
3492
6427
2344
12803
2523
4500
374
13717
6281
9138
5235
9883
10645
6765
10695
4353
11954
330
14748
2856
3432
745
5651
11126
13333
14634
2283
11354
6592
9023
11250
3617
8554
4738
6951
3320
4057
15174
10924
10478
6423
8202
3955
5026
11144
11642
11946
2442
14129
15031
5076
14989
13862
7933
2250
11695
9110
6921
15363
12296
5103
10592
3419
7044
12651
3083
3120
2621
14715
3653
8114
9114
5204
3818
12500
1961
6987
13520
719
6407
13253
15074
2176
367
3281
4769
12379
15104
3732
14090
12644
15063
9515
14893
12661
6758
2798
5917
7097
10829
5364
873
5540
14972
6675
11087
1051
9680
10339
11884
7007
13734
9136
8223
2475
8571
8089
8048
2301
1045
12253
9508
2966
5295
9893
10476
2351
4679
10623
9798
10482
2865
7597
8861
10942
4189
7986
11870
11715
569
680
2743
12426
14425
8582
8716
2678
1219
11897
2076
9611
2654
188
11933
14164
9576
13372
4441
15432
6544
13109
2035
5010
12220
5642
4861
1343
4588
9882
1573
10367
7392
491
8715
9712
10379
3753
7558
4906
12498
4358
12934
11907
7883
13153
6419
13169
6210
3069
7950
3126
7601
1401
10988
5007
8839
15232
2735
8499
3307
12051
2337
4878
5684
3209
15268
10218
12600
12394
4095
904
2009
5246
611
9362
14820
1731
2243
1883
12275
15194
7249
3466
6784
11045
9969
9335
2413
12599
4309
10947
7748
9434
12063
6654
12370
13582
2498
381
14007
9593
5743
83
5013
5702
2769
7317
4097
3133
10020
9302
1144
13922
8243
9055
3563
14683
3438
2637
13689
3725
1460
4632
1038
10250
10553
198
1715
12026
485
10109
5539
14938
1793
2551
8854
11740
13780
10237
8887
5031
9982
2307
807
3214
6093
14960
1918
10923
2138
4003
11972
11702
2693
5279
5081
14155
13245
3524
14622
4166
15052
130
6837
9385
12460
9853
697
8236
10241
12282
1379
1205
2879
3399
1809
10426
4058
13236
14863
1627
15296
6909
1345
1586
2098
6393
9109
10910
11470
1186
12025
15087
10960
3037
10374
1118
2358
7163
4924
779
7587
12372
6783
14324
13182
1095
1237
14648
4674
9022
10039
253
7724
13748
11743
2004
15106
6395
15397
14849
1464
5479
8572
13478
15138
15222
1010
7243
12683
5567
10102
12106
10997
4046
3801
14602
3071
8681
4018
2097
6237
10256
7990
11744
13726
3757
9346
1828
5358
7830
14327
8092
9542
7909
65
2050
6937
13951
304
7901
9254
10444
1781
4465
9942
10022
14353
15323
13954
12465
2467
7987
13576
14880
13745
6644
1566
5785
11793
7707
9054
12179
15119
6362
11362
13880
8309
6535
5199
9190
13386
5693
3898
3987
8249
80
10538
9489
10692
10148
11486
8207
13305
6262
7325
13866
14414
2582
9320
11670
12174
2119
12697
3288
9705
8168
14237
13542
14473
15030
2066
12165
9079
8503
12958
3700
6594
6780
1392
8802
11795
1537
3892
9921
11128
14194
12802
3795
3817
8636
58
9518
6610
2543
7621
6857
9388
6714
12020
14145
6035
5871
10508
10737
4787
13967
5990
3507
6099
6113
13891
13406
4703
8604
911
11108
2284
6003
8011
6372
8489
348
5570
5524
2576
14571
12416
5067
7763
3662
6855
14799
14744
5036
5958
13902
8623
11511
8211
7780
12441
5045
9074
2124
13552
7667
10412
3863
12686
10368
810
10095
6910
8547
10286
10331
12283
14001
5560
10796
12094
3074
4184
7226
6352
7209
9557
11346
13827
15177
6568
252
13382
3013
10137
14449
12988
3207
5626
9051
10838
7943
1550
4541
5914
7614
11162
8584
15187
4707
10989
7328
1940
3810
9427
5378
9991
12240
1539
13177
8675
6621
9006
122
9505
3339
6322
3098
2120
4393
1057
7833
11129
9465
7677
11969
12881
13021
5254
13277
13532
14343
5377
12457
14930
1964
3019
5770
9743
14288
10763
2970
10733
1376
10906
5972
7060
792
5004
5291
13987
405
6680
9896
4222
11156
3218
7304
11652
15085
6813
12960
14081
1197
11418
9360
1692
3093
10945
1802
14704
2296
4646
5726
2452
13037
11360
11578
968
1555
4418
5562
15267
6195
8288
7071
8932
8291
8935
10615
12970
994
10856
1514
8442
13181
364
11583
7809
111
9568
14541
713
14953
2838
6472
447
14413
14753
9604
6695
7380
3452
12945
13623
3586
6173
12861
15408
4887
10423
2531
12269
10314
3833
4006
935
4647
7398
6335
12271
7185
7852
12673
10377
11389
1252
6043
11130
6118
2888
3958
9400
3829
4669
3652
6486
10009
10807
4897
7813
12900
13872
7210
14535
4028
8511
8853
1942
2952
12239
1123
3450
4824
5251
9866
8602
14214
6418
15418
11832
9246
1283
14084
1612
9195
8167
11409
8150
12853
13851
14837
12573
4591
9261
7935
8323
652
1007
11305
2587
6159
3658
1671
10568
3595
13375
8885
8391
820
10013
13779
11238
2025
9163
5490
7310
970
5340
11205
15391
4756
4429
9899
9356
12338
4753
2685
13495
3996
15314
961
3638
8484
9598
10925
13521
12201
14305
5096
5888
1048
13108
4108
5245
908
5439
5981
795
5987
14899
12738
2538
8924
6137
11930
13341
4244
7112
7638
9891
12608
14771
1980
5176
8717
1993
2414
7676
5610
2510
6165
1690
11753
12615
5934
11334
12127
8718
12541
14682
9139
11313
2946
13046
749
5160
9389
9564
13038
5105
9304
7949
3853
410
4611
8327
12477
8490
8593
524
11565
3815
1654
3886
8960
5602
10977
5528
11496
14903
322
2459
8951
7564
336
554
9068
15157
13469
13986
4467
9570
7934
13487
2890
13439
6292
5268
11078
7581
6505
1614
1529
4527
13054
11707
1595
7768
4152
300
272
14488
15116
5084
11440
11083
10295
4233
13984
8041
329
5598
2354
6468
6476
4499
12382
6146
1372
6158
8008
12423
9543
112
10651
6608
11223
12499
3418
6950
1564
10114
5732
13973
7799
3411
10815
5961
5179
3238
2852
6470
723
546
5446
2771
3125
4534
1959
2024
11724
6098
7911
5331
14498
10151
8315
14253
1347
9043
11579
2787
4991
7728
8148
10541
14809
11596
14356
3696
4232
6270
5502
14916
5148
9689
13264
7324
12574
13477
689
2102
10939
4785
11701
3404
4505
6540
7853
1268
12386
5573
9243
14948
4568
8913
2216
14710
10534
11273
11467
9638
15332
10956
14817
12216
13633
2339
6066
10805
13267
2230
6887
9574
146
11697
14271
7085
5061
3559
4098
9478
6191
13168
5145
1098
12520
9071
1274
14221
2039
2252
3560
4496
1178
5682
9539
2583
1043
13587
12572
4219
11806
4951
9531
8628
821
4930
13497
1489
13878
7918
214
12455
5512
9118
8218
10633
2324
4187
1888
14616
9799
11775
13702
13960
15225
11121
1722
11199
5955
7552
4661
7648
9626
9851
10287
1783
1953
1411
3701
4968
14149
4174
12278
4950
13009
9575
11529
13010
12123
623
4473
14625
2949
179
1109
3820
6965
8875
5532
5325
8437
14967
6679
10514
12337
6201
79
8567
4011
10438
14455
8407
3082
13213
11515
560
9344
14172
2962
1369
2381
3283
2420
12354
7714
4979
10847
4381
14436
3867
10754
4386
13391
3888
12298
3839
5469
8594
9170
4730
13347
14509
3566
699
14364
11766
11179
3314
11504
14484
1303
1753
9672
14466
14878
4426
2826
12765
5310
14419
962
12798
5219
15356
11178
3061
4012
6311
6496
13801
14593
6179
8195
2315
3800
1179
11451
3889
14423
8769
9353
10523
47
1138
5652
10688
14096
2238
14183
4987
2892
14975
1987
2241
6488
8680
10361
12112
12149
1139
10526
8945
8287
12848
6453
8016
11816
12169
915
9789
8106
12412
6280
13860
8754
7810
13455
11748
1864
4173
4437
427
5239
11867
667
2011
5487
12085
9832
10043
4228
8520
13084
3697
12436
8962
2633
9092
5947
1218
12614
15388
8728
7336
4211
12664
3022
2521
2374
5876
3055
1231
2271
5282
6306
10199
10586
11370
15309
8253
9277
997
4506
7897
13094
687
8763
1029
14030
13024
2350
6186
9165
1456
14853
1814
4320
11772
9431
3033
14092
1685
957
15306
135
147
1785
6495
12747
4
12279
10819
509
10864
7035
7717
10563
11893
15227
3966
13586
544
6692
561
6187
64
2871
5335
10646
13243
13101
3145
7979
8412
10620
9533
6117
6674
5969
2567
11970
12150
13459
13718
9950
5344
8566
9734
15117
10669
6063
8488
11982
3101
13547
12813
15348
7023
12519
7840
15051
1001
2089
3532
7412
14397
6383
11631
1455
10777
408
4513
230
5919
14573
7699
294
13197
3569
5831
5134
3467
4699
11762
8859
9153
4909
2194
5289
7734
1130
1160
8558
11593
15318
8846
2108
3484
13056
8343
530
12701
2064
8732
5181
8014
2065
2766
10042
5321
6744
7563
12851
8295
13566
8248
6818
5231
7463
5875
7997
11634
1093
1786
2631
6703
10054
14283
2544
11230
12010
14913
14015
2033
3102
4612
14046
5660
7135
7955
12419
13522
14804
9670
14691
15407
772
15342
8074
12993
8159
8645
11967
13036
1745
14553
103
11854
9422
1141
4356
14146
14579
5079
7418
13616
604
3383
9303
8290
14463
11487
5937
737
11356
241
13029
11096
13803
2439
4770
11035
3804
6101
7972
10978
3711
4013
2386
10812
11782
1240
6056
9457
2832
1189
4398
11422
14655
14851
13620
8947
4316
12373
11242
9657
9185
7105
11834
9160
1042
4070
14224
10770
714
14586
8889
3609
12951
13637
14703
7668
939
14832
12435
13154
7219
8985
14301
5585
13738
2006
11189
2772
2943
8997
11423
10160
14335
14632
4726
12030
8927
12546
1698
14511
4503
7195
6828
8378
10047
14314
5736
7732
3309
15395
9212
12734
871
14244
11303
2394
2082
1932
4903
11847
2105
8761
14069
8672
9590
7377
7182
2984
3678
3949
9687
9901
11462
3693
640
13875
14009
13525
8132
1602
5835
2762
10574
268
11633
12913
7865
6181
9759
7446
13013
575
12139
2982
6891
532
14772
4279
12077
3735
6273
11735
3149
3380
2902
3587
6764
12517
7754
462
5271
9223
6916
2880
14047
4833
10874
6959
7704
12966
11590
9966
13250
11995
11396
107
14242
11026
14000
5
2292
409
2919
5617
8969
3716
3770
13379
5457
7736
3689
2931
2610
11430
8543
5452
2891
3175
5348
339
8104
9264
3906
11902
9835
5172
12962
12311
13218
13137
7583
867
11027
11738
13436
6756
6482
3724
11585
11803
1403
15426
588
8508
13988
5478
3489
13007
3688
4403
13192
12926
13180
7989
3122
14764
4907
1064
15129
3405
12585
3549
13599
4106
5412
6795
1105
1122
2814
8871
13314
5817
12446
6968
8591
13518
14208
14846
3020
12687
6812
4882
7441
8312
5706
10760
2572
14501
15427
102
1258
1517
5120
7206
9146
12666
11726
8307
11099
13014
11352
15406
9907
7974
15316
4250
2361
10685
1444
12719
4113
13316
14814
11999
13332
1217
12840
6849
6039
9885
2547
6690
9477
5417
9827
12248
14032
5362
12923
383
5463
5518
5283
11512
10354
6127
11692
2736
4961
5411
4938
9978
11601
5381
5350
8179
953
14610
6814
4245
9765
6565
10657
2470
10893
12364
1635
12823
14392
15148
7257
10279
7501
14019
1744
15282
9619
8268
12632
8319
2034
13993
15241
12576
14786
7544
7514
12292
480
1962
5538
12902
3848
6254
1599
4743
13011
6298
2726
4901
6429
3303
1765
6763
8429
13649
4194
7220
4265
10091
10750
1292
2786
4390
686
12304
13760
138
9439
9967
12180
677
8817
11873
4376
3239
15023
289
6708
14787
5020
9371
9423
6391
11321
2300
3861
13262
11188
11195
5394
14369
7669
12641
15067
6912
4389
8145
10941
15140
117
10255
4291
11876
7156
7184
14342
1899
8856
8929
11682
342
1055
10513
4577
6301
11322
14852
3142
11920
419
880
1515
7555
6431
3588
7142
11448
1705
3433
10004
7749
11229
13064
13359
20
8379
6689
3048
6562
4384
11226
8868
11500
14181
4980
6239
7898
4855
6055
6105
4385
13904
15026
2129
7641
8341
15042
13693
1813
13639
14843
1404
12786
10356
4725
5723
8657
14971
2443
4701
6583
7764
1535
9935
12801
12710
8568
13135
2622
7123
3751
1973
12895
6957
2494
2788
3407
319
2320
1900
2054
8723
10067
4045
10701
1984
888
6626
12037
12101
1935
4721
1991
5526
12178
12375
6752
7509
7092
14311
584
4636
5099
12969
14520
7414
9003
10690
13660
1981
8458
1999
1041
13577
11516
1709
10791
4016
7401
6726
1922
3233
10543
4754
4471
8404
13671
13058
7731
1156
9238
136
2456
12715
7524
8698
13941
1522
1917
2963
6919
8741
9194
1544
250
3821
1356
7932
8328
6112
1364
1077
5754
7099
4539
4779
5744
7217
13794
787
11368
163
12182
3787
13211
2115
10886
12550
1878
14446
422
8982
12059
2193
13471
10261
12469
10887
8768
98
6291
3146
1929
2514
9350
13151
157
6024
3708
9397
10269
9415
6864
6930
15260
7384
10909
1611
3260
2212
8483
9732
13066
11382
5175
10077
14621
9440
13686
15152
14662
4501
11837
14993
4135
4605
12829
11006
8539
2801
2534
8651
337
10220
6124
2742
15360
15333
4032
739
4296
2849
983
8755
635
13047
5138
7073
12497
14456
2860
6198
6493
10630
12099
1014
5727
3078
1904
11327
386
11379
891
2367
11249
1920
12616
3111
6723
13307
6264
5703
9815
10622
9321
10027
3212
12681
9491
2468
8023
12366
2595
5787
3130
12339
899
1571
12833
6550
8872
13809
1552
9141
8097
14377
5375
12502
4236
3736
11167
3470
9747
825
10052
8296
10635
2346
6859
5326
5098
3354
9037
2131
4684
14351
12582
13775
10421
9775
1470
5196
8326
6740
4182
9757
12504
394
2173
1718
14041
7066
12964
14936
1533
11177
5459
1955
6309
12360
1840
4148
8403
14038
3135
4653
6027
13031
9622
13589
14435
9140
14136
15044
3837
6748
15243
8781
5505
8457
10127
1519
14502
1672
402
2245
3959
4937
11689
129
7155
5991
9908
1207
15303
12444
5059
5116
10927
11699
13005
4324
13088
1009
5965
4019
3546
4063
11139
14266
161
11889
13554
937
10288
13470
2527
11860
5954
13546
2776
2822
6166
10017
13991
15113
3001
925
941
5423
5825
8085
15231
13106
824
3580
4717
7719
13725
387
12583
3575
6168
2741
14262
3538
11649
3185
11341
10672
3165
14803
15183
4191
1597
443
15437
4325
1811
2303
8916
10349
6005
1495
3571
6728
8886
10810
13099
933
13403
14777
6932
6995
11236
9685
11148
3651
9607
2191
13076
14830
5794
628
12031
5800
14857
5672
9943
13059
11233
11877
12949
12634
12072
7554
5663
10459
15405
11408
1414
8165
12766
13664
3921
9406
4360
2415
4807
6250
10554
12889
981
4899
5513
7205
7508
7482
8395
13944
10813
10712
7326
430
3995
2768
9191
11973
3076
3408
13838
10390
13814
7569
8158
8877
8893
7804
12461
12055
850
6080
14391
5607
9130
8260
10384
4442
3875
11221
13893
11444
8128
5862
15281
331
11989
14671
460
13494
9516
4996
13818
4055
5012
10905
3024
7945
8977
5275
311
1022
13948
6221
2370
1278
10058
11923
863
4994
8957
13710
5735
11336
839
782
7682
6569
4347
7301
11776
15416
2599
5778
15071
14447
10359
299
3714
2529
8147
9309
6314
8906
1033
5125
8332
1551
1975
8912
15009
9298
6966
8057
3890
6394
6278
7825
9247
944
2253
4843
7702
2407
6047
4210
4927
9129
1939
9697
7689
1056
1992
9024
2524
3915
7154
14231
7072
11535
9453
11908
8025
11746
15248
15141
1934
10661
9080
1933
2148
928
7893
11332
5959
1826
4044
5775
1944
15202
5130
11587
7314
8010
14548
4313
3429
5579
9865
5027
461
5014
8679
15199
5083
12536
13257
2830
3717
7480
1657
5995
813
10961
14824
8346
3040
7202
7332
9717
11645
9567
14835
1903
14829
2645
21
2774
10653
905
8979
13886
6248
7340
14336
1590
10894
14860
11647
563
14695
10559
7139
14471
14950
10675
2585
10557
601
6530
4005
10316
991
11049
8301
11615
6889
12961
7678
14747
13974
5293
12406
13813
12358
571
12663
11745
2998
8338
48
12043
14408
6964
14186
6265
8289
8399
7670
10740
10793
14606
15307
13001
14354
2728
10540
13241
3842
4873
15346
6848
6997
7962
8501
3480
7510
12409
13306
8335
9667
12702
9225
1569
1943
9122
13567
14495
7864
13556
14674
2504
7919
9443
9834
6409
6075
10967
3084
13631
6803
14507
12113
13266
13414
3248
12957
4079
4143
4592
6920
4042
9065
9004
1798
483
6537
10525
2936
11091
10194
15270
15089
13720
10530
10515
803
2734
5620
1245
2723
15149
10113
3285
5260
10071
6655
151
8410
12505
11739
4567
13091
2391
11479
9067
7849
2101
8535
6455
3946
4167
13796
11574
9755
8471
228
9192
14567
3822
1947
14410
7960
8729
109
9671
3495
8026
9061
9913
812
2866
3151
3423
5758
9112
2448
2042
5267
10322
7693
3471
12601
5227
8835
9250
3631
4945
5442
5552
14522
7198
4665
5356
6545
2319
7130
8061
13184
1682
8641
2179
7354
8862
11081
182
7801
4565
4483
5050
11623
6016
13790
6981
4764
2314
13559
11248
8254
66
14480
10283
5152
9629
11053
834
1701
4307
12618
2623
4898
3047
4969
9571
3221
7371
3500
5183
8634
5064
2168
11359
12883
6209
6788
11277
2444
5447
10345
12232
4134
1418
6528
14176
12376
706
13563
11254
2516
4941
5822
10096
14366
15217
6598
13019
13581
15389
12878
2277
14290
3912
1190
7629
3744
13417
7802
14153
11403
7254
6405
4334
4114
6597
4854
4675
676
10120
11376
3525
11758
7532
15249
8858
15372
6136
164
7148
15094
7110
8850
14875
6404
715
5597
2480
9166
13560
7535
8267
8814
11879
14985
1732
11009
14992
11790
12762
1027
11450
1255
10235
4463
7400
3430
8444
14075
2396
6441
2462
7111
5032
10950
13280
15336
6412
8461
672
4881
9955
8203
3064
7366
10929
12733
1280
9860
11077
14575
6365
7227
14293
7363
10066
10687
6271
10994
4077
13385
1592
13254
10429
10474
3087
13625
3224
13765
11028
3722
8294
2744
10571
11518
465
2999
4761
10954
2553
12095
6548
4329
9437
1652
11942
8402
5228
14982
14902
661
1296
4378
945
12069
13621
9957
10111
5898
9847
5836
14261
15386
12537
8953
128
4849
11175
13300
1528
1381
9642
6385
8071
3901
11987
9209
11435
1216
10877
6058
13574
12700
12927
14596
15337
2627
14317
11155
3299
11662
3263
11260
2803
6973
9174
11886
12105
4268
6379
13223
9941
1377
12224
11665
10833
2202
1626
6454
9059
13874
6141
7136
11200
11791
11398
14624
4546
15265
4056
1024
9317
15257
13739
8235
11154
14062
12659
1583
8431
5613
5499
2322
1223
8901
10488
8234
11492
6774
6513
15131
4600
2506
2545
4001
8331
1435
4302
12707
10596
14010
9903
13519
4872
6337
8279
8874
13715
8352
15169
837
5052
6464
15294
767
379
11453
6085
1155
1588
740
4188
4758
14055
6704
9154
2750
3851
9196
11404
11992
5678
7094
9358
9802
9634
12667
1728
13067
1610
3485
2558
577
14668
6162
8018
999
9260
12946
13698
7368
9448
8317
12597
627
2839
1142
2495
14220
2993
3318
12035
15331
843
3401
12716
5024
13688
12156
15396
4460
10035
1315
9433
10228
14518
1563
1800
446
6990
4363
5719
5846
1729
9783
9171
8995
6890
14349
14382
1323
12130
7333
9048
9693
3415
4867
13558
14974
12131
13999
5171
9473
4655
9720
4514
1441
6030
7868
258
5300
14785
6212
15272
7103
8831
10432
9779
212
8622
12033
568
3567
8070
1282
15125
8058
14393
7370
1380
1352
3561
6639
1707
13419
3
1839
3834
9214
7393
14694
4451
3694
12891
8094
4582
12011
14517
7500
8617
8690
4380
8274
2996
15041
13800
15091
2451
10083
278
5276
5870
13401
3528
9331
735
7700
10015
8813
9895
5820
10665
14219
12594
8981
7538
8272
11001
11196
14796
7394
7716
11905
9119
13980
5931
3062
5525
4557
10512
6733
7691
9758
3446
4181
4826
6224
8454
8823
134
2782
10532
42
14605
5051
10612
11080
6384
2055
3254
11805
14712
5088
372
9987
1363
10031
5437
14433
5685
15020
4048
8441
13650
8537
14372
5713
13322
14184
11725
14673
10436
7330
10852
11541
3456
13856
1704
679
3581
10132
4724
14320
10892
9572
1791
6624
8154
2630
7571
9512
6223
7644
10549
9762
9352
10806
12137
6266
2877
12096
10230
12476
7666
15361
4649
14396
12554
15210
11140
7518
988
2047
12082
8873
9227
2972
12439
12638
9569
11951
4883
15003
10900
6138
10065
1246
5167
6481
13412
363
12428
7453
6559
6963
6012
11546
1494
7074
3459
3513
3628
4150
5933
12438
2836
14690
3333
827
14756
13276
3390
2869
849
4896
9123
3150
3252
8143
2192
5531
5558
14254
892
7351
2142
2629
7858
13025
6660
2167
2114
14737
7050
359
4007
6068
6619
13345
956
6866
6428
30
4928
3737
12508
1375
11335
3326
12280
13258
1905
14198
10769
12330
4542
8258
5182
5555
8206
11289
8616
11034
4693
9708
8006
4559
2781
4239
10492
8888
2419
1927
2785
14661
5436
2057
4585
10172
11857
1264
989
14166
3663
10723
724
4573
12860
12307
5413
14170
11922
11667
4424
6316
9231
11915
7494
11275
12244
9492
3472
3828
11508
9411
6743
5648
7523
4362
7902
9106
8682
11298
13832
14225
1509
7025
2378
11098
8987
3464
12155
8103
3929
12356
9939
68
1410
5258
10867
12547
11975
8955
9800
11963
11664
5893
11086
4571
5896
2233
5689
2069
14825
2092
5185
2083
12611
15186
9880
14628
9375
7189
14932
13105
4040
6175
7640
7789
8271
13609
11432
7890
452
3060
12344
13557
11460
6348
6152
7116
10774
14534
1835
13285
13711
14981
5653
3147
6010
2512
183
5868
7454
13015
13124
9795
11939
15365
1449
14118
10292
6241
2561
4312
60
3095
5803
6844
8748
10166
4976
8314
8517
2666
890
8695
15347
13819
3645
15310
12299
770
7260
8007
3739
14185
14896
14148
9490
1769
7020
6178
8059
2950
3808
7961
11301
13569
1730
906
4868
2222
8552
2116
13356
653
11971
9113
10821
9229
15028
5690
9499
14168
10324
6189
5352
10546
4844
14556
14968
1897
1696
5939
3421
11856
4308
13603
10803
3229
11757
13326
5748
565
3008
9821
9357
9387
3642
10045
1236
11375
5493
3754
7970
13315
7869
7237
10621
6761
10006
12797
3090
2463
6509
2951
2517
605
7860
8297
7295
7517
9276
7194
4663
5586
8783
4351
6897
1960
6745
10650
2809
10897
11653
6492
29
8516
7308
4000
3035
15218
12194
1581
15135
8270
8791
12211
8423
8631
4590
1316
7432
8306
513
607
12515
5215
6426
13225
14802
11844
4047
6356
8345
6846
9000
4099
716
14469
371
7560
3772
12794
1256
10647
2356
10134
4284
11841
12181
2328
3582
7411
15394
1060
3554
4447
7528
9050
3491
4474
3349
8512
5772
9369
8108
7740
9633
6192
10912
9318
12162
15043
13523
321
15065
4803
115
9267
2749
13387
5753
5997
643
9111
8292
8699
13352
6079
7498
4719
3615
482
1420
2636
3894
4845
12769
5444
6658
7465
13164
11912
14070
15380
7917
15212
12699
2288
11169
9161
3523
587
15415
4082
12987
2896
11447
14999
8904
14983
5892
15126
7812
14631
2752
3267
4904
6325
3465
9658
8789
733
7504
1201
9085
14931
4511
7281
9804
1251
2100
8966
11428
4795
9706
6816
457
2991
1643
5104
13658
9293
14123
127
15327
5905
6501
6543
8548
3203
2644
4157
1180
4416
2053
10422
5548
6242
7311
14924
11043
13680
12314
8233
10029
5953
1870
12807
2248
13863
11048
14937
841
8043
1337
14234
10529
542
6065
10542
12635
14768
6006
12655
11258
13381
1838
7342
2144
15235
1760
1575
6585
6955
5218
8170
10082
5644
12319
6331
4829
470
5547
5046
219
10093
4314
6737
3989
6459
10637
752
4253
7672
237
3388
12425
1689
5619
521
101
10521
11033
326
3028
5819
14273
12688
13757
14699
5237
8182
7623
2937
12159
7485
8998
6751
477
11434
6792
1803
429
10933
8009
2542
8169
9923
13982
3490
8870
12836
6480
5891
3050
10599
593
9413
10470
6729
2536
5654
7730
11082
11185
6781
949
5520
8447
618
7323
3621
13976
6681
7102
2141
10238
9312
9814
12277
2458
4895
2758
3796
4193
7067
5177
12646
14357
11909
12948
14504
4159
8421
3094
2992
4355
5456
6122
7292
11269
11964
13460
6401
8264
8898
12818
10524
10293
12740
1120
9496
1994
1762
1329
14268
1454
5057
7021
12143
11636
2279
14229
13503
10907
9794
13226
12718
7199
9828
8381
4043
4549
8939
12872
4009
12570
2722
5424
12975
9514
4282
5545
13420
12693
6612
11880
4251
9471
484
5974
12430
6374
9193
12737
12981
1374
11536
1976
13740
4814
5475
5941
10560
9469
1209
6931
5250
5574
987
11523
1924
6386
7117
11849
3197
4350
11309
1195
15206
11036
10144
4869
1600
9162
11264
468
6184
6185
9926
11257
4964
2455
2256
6637
11497
4090
2165
12294
8620
8119
630
10142
7738
4352
7776
8121
11374
7798
6852
14944
2166
8383
14171
5118
8518
10086
2045
4365
12136
12389
7361
11407
4242
8952
12267
2266
10590
10766
380
12241
12595
4488
12835
13082
3474
5827
10577
9404
3322
14399
5681
10758
12980
11377
6033
4910
5253
14300
2986
14107
6125
6617
14552
10446
10916
11551
12543
11051
1366
158
3105
3570
9026
14404
13659
1222
15326
11424
5322
1288
10183
12557
3230
69
3368
9961
8721
11113
741
1508
11599
12008
12884
13121
142
1000
3483
341
6448
7279
7637
10342
6338
4212
6716
11768
12068
7915
10040
12679
13077
2384
3215
14850
1789
2198
14021
12118
13113
887
10030
14059
6142
200
5593
6636
7385
7936
5366
11736
1357
13017
10761
4060
2436
3634
804
8588
10648
3928
10056
5671
9610
13504
9311
8162
233
2641
7077
8686
2682
10556
13125
13351
1276
4294
6491
13848
7372
11251
9378
4793
12214
4489
15181
97
13140
9363
10299
6541
6255
14524
7996
4345
14767
1317
9396
3836
14277
10975
608
7692
11240
7455
5071
10850
2170
1412
9947
13724
14182
8077
13844
3422
8749
14344
15079
2327
9861
14352
13517
5833
8654
845
14797
11075
7290
15289
5717
14600
6070
4863
5470
5578
12834
5408
15050
7095
14969
1478
6143
4620
412
14906
4648
6882
4762
11632
4772
13704
2412
15398
5226
12192
12768
14544
2577
6718
958
9178
5561
5533
7024
10099
11267
5779
4918
822
3251
3788
3378
3373
5603
12039
3942
1137
13080
9482
14026
7530
11331
14322
1967
5476
14749
704
2204
12002
11637
13183
4156
11173
288
2775
9008
7881
490
10062
4088
11522
2851
2733
8230
3227
8881
2691
6836
14910
8112
2977
5916
12545
15082
7739
4841
1249
5604
912
7627
7635
12348
1727
7347
12778
13374
2418
12047
10965
13423
11115
14870
2710
13068
1387
1748
13479
2613
44
15093
978
6901
6008
10298
2095
1484
14321
2840
2123
2447
6627
4972
7952
9460
10138
11456
12930
10751
1432
14892
89
2885
11290
264
4954
4664
4323
12535
3905
2466
9744
3997
13287
11124
13358
15167
4702
13086
7215
5383
4998
456
9046
1562
9483
12152
5966
9070
13804
12097
5312
9740
10466
14718
93
2440
9507
227
2657
8581
1714
2528
8375
15412
13269
2493
642
2183
3637
7490
7452
8357
12392
1755
8239
7774
10494
5935
5630
12371
5298
11084
11281
4735
6516
13444
2668
8040
9763
1070
125
14078
6786
12652
13646
3280
12359
9012
9823
8513
5044
5695
5616
14676
8990
12138
13294
656
14192
10677
4431
10742
5621
3385
7977
6100
1467
8895
1453
9167
9035
10232
3075
10174
9722
13672
15370
9328
1106
6082
2234
6032
7312
2345
13170
6371
2747
4446
4387
4598
1290
12995
13791
15060
8790
8111
14323
1950
15229
6511
390
3290
9817
11608
14348
8013
5236
12775
12418
10946
538
11693
2258
2532
9641
7930
14451
7606
14380
14754
2584
6883
7235
445
11719
8298
10721
14645
11288
10566
9289
10788
13994
8161
14657
9878
4616
4125
1341
12288
9257
8826
6188
14395
9233
5455
3527
4574
12454
8961
12553
11224
6315
4935
6147
6234
12266
3468
2187
4624
4763
6022
14793
10003
13735
9933
15178
2379
10411
3243
6863
14306
6725
4587
15290
8228
4528
12717
14280
14381
6687
3920
14895
6665
5884
6854
15242
9643
1664
3187
7940
13288
3903
5523
8869
1646
2169
13914
8696
9327
7096
7132
5280
14430
7797
1628
9552
10440
1647
3602
8209
1229
9500
6073
13147
2312
3517
5028
5440
11118
13829
668
3144
7916
1880
4413
9721
5530
10369
13415
9180
705
8002
13215
14418
5208
2976
7548
15311
15011
10069
11729
14856
15335
15278
2909
5656
8096
11030
11314
10124
10995
6938
15300
7276
10503
12522
9527
900
7299
11703
4748
6111
12793
5055
2395
4479
8313
9810
1842
12028
2827
13429
14236
15016
345
2152
3627
6435
7228
4248
9646
5485
5315
13666
440
10257
5759
3643
9769
8655
10832
10884
12917
2995
12774
5832
9019
7193
1384
2939
292
14569
10776
12093
4990
1605
6368
281
14783
7159
3190
5799
10992
9399
5507
6121
2217
2286
10266
15133
12255
11065
15434
1079
10486
11143
1108
10375
2013
10335
10491
12753
8079
13309
4580
11567
14207
6558
26
13747
3397
376
7594
2171
13394
7374
8786
14056
6983
2078
14901
3860
5277
13426
14868
2371
4131
11796
8844
5018
6878
8232
14563
7690
3682
2019
4469
5212
6095
14500
9962
11533
1349
14437
7058
3972
4877
4911
7822
10883
10200
5288
1335
2974
5091
7173
599
14169
2334
829
4402
13861
8498
10455
10627
11402
10676
14228
13200
2616
14670
3692
3344
5266
7181
1797
5109
10280
4677
6515
12353
3968
12487
14340
7229
11427
3896
8052
7083
6230
3440
7967
10159
12335
10378
1836
13089
6342
7792
9714
15254
12006
7349
14570
5422
8712
2311
5241
6874
14439
5798
9737
13505
15037
2190
13136
817
6707
2707
842
5374
8782
10771
12415
4399
10158
9098
2309
875
5220
5686
8449
8812
898
5921
7912
5840
8938
8479
275
2500
8614
7440
7551
3323
7389
1898
15172
4550
7298
5100
3179
14978
3039
9283
13579
8600
4004
9900
4374
4857
10271
12869
3950
15375
10187
13027
1011
13549
12116
8416
2825
3816
4796
10213
7369
10955
3293
8730
11617
1091
12492
1081
1846
4066
5429
7318
1474
5369
10853
493
14685
2854
12555
5757
1084
8350
515
10587
2812
6087
14378
3250
10926
10504
11136
8849
11842
5005
12305
3478
12158
14543
9244
4270
5873
7143
12587
3710
2667
13144
5407
11041
6954
13380
6399
8028
8954
8665
1067
10628
3544
13273
14462
7091
3849
8757
12045
14243
10076
6232
110
1648
14717
10048
12381
10104
11231
14368
838
13425
13682
13343
15438
9342
11344
4553
9716
8625
404
11550
12289
2954
3205
5637
366
1170
7040
6059
1473
12620
9345
14137
2438
5448
9339
9563
4105
5865
12678
9324
3900
3948
13368
1895
9621
2206
6614
10519
6350
2298
7075
8446
14583
14723
15382
3178
6387
7068
695
6927
8637
6684
8691
7239
7582
581
8368
13570
438
1269
931
1956
9949
15047
15070
2581
7381
7032
1310
15123
1773
8560
7258
11823
12826
13208
8388
12720
7680
13936
2518
11015
8930
9354
1061
7673
9850
4421
13472
2409
8983
10964
3294
5813
4848
9426
13026
12019
3271
10182
7953
9888
3963
4714
5650
5583
1680
9158
7471
10962
13651
4234
13062
14994
1451
8152
7939
4273
4563
9922
8722
5968
936
12336
6779
377
9713
10952
8153
10987
10693
11011
14347
14529
10463
11824
5233
5665
8759
1147
11461
12984
10871
13117
5016
3100
15353
14822
1291
7814
2291
5688
5808
7059
10267
7770
1986
7684
5068
2655
2793
14513
7177
251
13224
7167
1784
12577
14077
2482
5112
14072
1675
614
3338
2959
6782
14175
1294
4739
6860
9007
11207
7877
10217
10380
10610
13118
9975
5796
14122
6313
9313
6662
14295
13590
4423
3572
6037
865
12873
6202
10970
1761
2740
4054
8015
1232
13289
12404
3073
5733
4053
14108
7192
14769
14732
2900
2441
6643
13600
13841
8585
10573
1263
10222
7515
11318
3536
5086
4359
2626
57
2811
11598
11612
12272
7604
15401
15098
9613
9419
10668
14143
1065
9870
4462
3720
7434
9103
1037
9105
9336
2956
7356
7027
5023
4498
5006
5970
6196
7019
14239
9974
12764
1778
2010
15223
15122
690
4275
12563
13063
12308
7994
9915
4024
2565
12996
2844
10395
5106
12472
13808
9805
14716
15400
922
7497
8706
1344
8382
11431
5376
13090
15421
8252
13237
9425
11372
10281
3691
12898
14110
7270
13355
12954
589
28
14450
1469
15066
3794
4737
2796
11437
5082
5551
12626
40
615
12185
14819
6504
4751
6285
15237
13221
9432
10591
11110
8629
2784
5776
8821
12345
3707
6620
3574
6469
14649
603
2887
1513
4373
11455
9510
247
5392
13278
13696
15302
3297
10600
738
8864
14546
6373
1631
4658
1758
187
9361
2449
2352
5075
43
10260
11386
3809
14623
13457
70
1916
2899
7098
3482
13635
11074
13882
1708
193
2684
10300
14267
10811
13018
10401
14431
7980
5501
10477
12924
13500
3054
2172
7645
433
998
7862
5180
13179
11779
2831
2983
9466
14051
1408
4799
2023
5606
7725
10196
10971
13507
2804
6809
10351
11564
10167
9259
3766
5680
8579
3286
5767
9517
10839
13128
9749
7223
14482
8445
9308
9829
14564
12187
1062
10613
3460
7407
8525
11526
3370
14669
4850
9782
11988
11798
14152
9616
13584
1733
13227
4502
7141
10121
6915
3877
1295
5287
119
14332
9588
13887
4491
3558
4372
8083
8541
9480
11062
13342
13871
765
1501
7811
655
2343
5869
8492
9230
9836
4760
951
12571
10671
15350
14646
7225
2697
6908
12393
7014
6638
8419
9253
14037
7784
5092
439
9936
14550
1177
3014
9018
7120
3192
8540
11342
14891
10711
6228
10481
7334
14587
6398
15413
4274
6115
8804
2489
15208
831
9091
12351
9692
10858
3962
1886
1869
14376
14620
7756
10797
3329
10152
6259
6214
6669
9555
9591
8534
4651
543
7907
12054
12270
13626
13932
14928
6640
2928
4305
10980
709
1936
6926
8157
1171
4929
290
8344
11326
2876
11393
1531
15083
15188
3726
8708
10147
12479
878
1542
12910
5909
2404
12894
7054
11568
5124
6382
3926
1694
13030
2701
14140
13039
11208
15107
15168
12978
9547
7000
15252
7846
3041
4303
4015
7595
12511
13407
5085
15263
11350
11058
15390
9849
12706
4864
5903
4732
1270
11416
14629
7208
14402
2821
6582
5249
10919
14568
960
13785
9031
633
13983
8618
11850
6358
2689
5849
1779
12539
4091
902
7598
395
1534
9852
9299
14618
14966
5814
7579
5542
13668
11734
13752
10327
87
3359
6170
3512
9468
11559
13758
5834
11282
809
3674
572
1810
3257
6521
1767
9155
11883
14549
8949
1301
2109
9553
4021
5040
15313
6251
3079
10730
9582
4208
265
9661
13234
8762
4456
5638
11560
6390
12073
14604
6862
14028
6593
7954
14672
8095
76
5272
2874
9005
12056
12606
1330
10781
13126
11104
5186
4396
9201
4892
6153
10767
6318
10539
1313
4255
4685
1032
6341
10801
1902
1749
11507
6526
12538
12880
5460
9341
3792
8725
3420
13847
14538
10126
9562
5952
564
3018
6719
12058
12206
150
9488
3498
8221
11383
7610
1687
11387
10604
11640
11694
13217
3992
4570
1710
4545
4700
12888
11767
14560
3630
9401
5346
11769
12953
10219
5580
14031
7639
9725
13534
2269
2894
3650
3157
6329
7838
6630
7425
8574
9867
3156
15429
4510
11760
4831
8434
2533
2330
7788
13453
15154
794
1618
3925
3442
8709
7546
7777
11385
4521
8963
10744
7405
3589
1385
6767
13244
12411
7078
10778
5655
6546
9414
2640
10903
4231
10756
2864
2746
9752
2175
5942
9924
11817
11363
287
10370
5414
1860
6834
5213
663
10201
10128
1242
5844
3640
41
3409
2664
8355
4919
11345
15280
12868
12772
12758
14791
1183
7839
12669
4808
15118
14331
13360
14018
7015
13464
14626
631
12215
481
2145
5154
9739
12755
3222
6817
7203
14510
3437
13961
6305
5837
10855
2823
6339
2454
13489
1601
6673
12512
10734
15159
5292
5575
9525
11956
8406
3449
8073
3216
13656
14434
1909
585
3648
3927
2863
6360
13942
12865
4589
9242
4237
6571
12739
11651
13174
7047
14805
15035
13393
9222
7816
5361
963
8808
14859
6244
11088
10318
9481
4666
5572
9917
12942
262
12475
13413
1792
15275
4569
1266
11733
786
4272
4455
12523
1673
7781
3046
1574
1676
1440
6510
7106
12309
9124
1969
12735
15344
3874
5978
8222
15253
11777
10353
11552
14742
7924
14959
6977
2068
1191
10149
756
9241
3715
4033
5994
2461
10714
11193
7052
5628
14452
1794
1485
4120
5486
11380
13348
6164
6808
14074
14696
8426
11337
2895
2103
2278
6351
7107
8273
9292
13643
14888
5332
9033
15433
12781
9992
6274
5354
3761
12831
1311
12071
2649
11679
2377
6682
11659
3922
13210
14619
10725
3547
5590
5072
8151
3393
4915
4963
4962
10118
4966
6462
7443
6247
5925
7090
12003
243
3273
362
8905
974
13892
10289
2853
14840
2873
13931
8610
13171
13463
5286
8811
14398
15226
13176
11454
7878
8302
9444
13822
4594
4633
9206
1234
12080
2364
2140
4332
7045
15034
4123
5641
6245
8101
12530
3007
7513
13562
2994
10998
1265
11122
818
12134
11940
5450
4670
1248
1287
10951
2029
4595
9278
9133
437
15234
2751
9263
10265
2850
6576
6375
10820
13041
3666
7726
5497
8532
1324
8465
14427
6925
14811
4031
8710
11371
8427
1162
2492
8999
9322
11514
7406
12164
3493
1919
10400
8842
10059
11438
6858
14387
14738
1697
2573
2930
3941
6163
8988
4094
7721
14526
11021
7041
8436
3743
5709
8482
3458
9700
4536
6216
7247
1362
8810
10469
2604
11981
13548
6269
10518
14578
3841
8448
9830
6217
12009
4023
9083
14884
1466
5858
9340
894
11941
7651
1983
3123
10782
10759
15024
14779
143
11493
5111
4678
3337
3086
3786
7536
7885
9586
10655
8134
7397
12806
165
7891
12877
5426
6107
10060
2778
3924
9495
4992
5731
6520
2816
10644
5349
6971
6519
2706
4041
5140
6523
4318
10468
12110
8855
13761
6466
2
1824
14050
700
2094
8841
1359
1499
10033
2579
10973
5882
7695
1063
2764
14919
11413
4142
8818
1674
2881
13842
5168
10588
11589
7303
5722
2203
14866
9840
8542
9013
7895
6203
7851
473
12785
4340
11656
1678
1580
5102
5435
534
1812
7896
382
2906
8093
10495
8649
12564
9010
13432
13817
8559
7827
12081
2058
6132
1482
8124
555
3454
1868
11425
1319
6899
14883
3350
180
3625
918
5971
683
11858
10799
8587
15357
7681
2670
6050
8971
10745
5360
7129
8832
170
624
11947
924
6941
12649
1776
10561
14444
6972
11691
12671
7828
5906
7589
14565
8878
14386
13683
13389
9062
14441
5705
10609
7884
15349
6414
14533
3198
7358
2916
7339
11600
13934
13772
11227
4621
885
4508
4718
13163
425
11480
3531
512
2800
9234
10703
132
528
3012
11184
13461
15156
5147
10000
10355
4065
1046
10718
14363
14900
162
6651
8364
11476
13301
13272
1901
279
6525
14477
4480
12024
2953
5879
9774
10963
9323
10709
5337
7115
7659
10229
12067
10443
15251
5710
8946
11057
5589
14121
7971
7026
12108
12061
11194
4533
15033
11472
13516
13843
15419
6009
6154
916
12396
2342
15127
1716
4842
6042
5328
3353
5842
1841
10117
11070
6131
6263
6823
5454
13781
5465
4168
11839
4680
1825
8282
14945
9932
10175
11291
9002
12276
13325
7251
4197
6506
1100
7856
6053
1693
5700
5599
3109
9159
15090
7687
13708
3564
5128
8613
9207
4797
6347
14256
1545
12146
2080
10667
3904
6606
9760
10348
6193
3310
25
5729
14281
5488
9132
14763
835
7402
1481
4838
5786
5117
458
3080
9039
566
8668
8704
11764
3091
10376
984
15292
2215
10575
14801
10177
1221
4806
6873
2052
9347
5477
6284
7379
7965
11294
6439
9973
7596
13467
10928
11050
2732
46
7283
7964
8632
11966
14120
14855
15409
13998
2104
7578
14459
4180
10311
4759
3162
10904
12929
1331
1450
2699
3535
4101
6144
9854
14329
11328
2910
6483
4458
3664
5864
3443
6336
245
6710
6474
879
4078
6479
7632
15441
8733
4543
13969
7973
1608
4965
12864
5238
6021
14165
5039
13769
453
7437
10396
13290
6604
12956
10818
4547
11263
10972
13340
7079
360
11677
4445
2635
4727
6417
14580
4744
2002
12470
9329
12605
5761
7357
1116
1438
3647
14042
14665
14961
3616
9874
8299
1966
11687
10953
1253
12223
3767
12712
9107
355
9905
5306
5133
13926
883
11499
11107
6332
9349
6734
8238
10173
5559
6359
13484
1790
9183
9534
403
4715
7836
2267
10517
1502
13990
10826
14218
2990
14113
9380
9751
12746
3655
15197
4459
12782
10317
12310
548
4492
13201
8857
14124
3002
5066
13249
14813
7715
5144
12795
646
140
6554
727
1213
13114
5550
9115
12814
801
5074
10475
12378
6276
8937
6825
15297
10691
10404
6081
13722
11613
9343
5158
12804
539
14274
1133
1415
6238
4341
9420
3798
2968
3797
5510
168
536
6018
13918
12938
13906
1649
14503
12007
1540
504
14912
2185
2700
12079
6140
14597
13008
10889
14740
6487
14743
9748
11602
14085
10383
1355
7566
6886
4155
10170
1023
10085
2305
12613
14986
2071
8047
1004
13663
2051
5156
6437
9287
2675
9456
13034
3728
10670
11629
559
1827
13281
3124
10094
3734
7783
5923
1633
15338
5269
327
6253
9177
15362
15439
9424
7612
8099
12365
13339
8200
7775
14054
4778
1307
12293
5565
1193
6907
7469
8265
2915
6872
12140
3690
6475
6447
8176
5329
9848
6989
1619
5704
2182
1851
11320
11749
14315
15276
4660
6380
10181
678
14555
13533
12617
1192
12424
616
10341
2580
3596
9216
15258
10433
13909
6067
9767
5889
9409
12540
6171
11938
13388
7529
7242
13295
2229
8662
9956
3907
9772
13652
15383
14033
3473
14914
5976
4369
636
8941
6180
5200
3973
7818
3031
5667
6970
4083
9150
5629
10246
5588
4606
12196
11355
5938
13075
14272
14557
2213
6822
12648
15105
15387
3196
12729
14759
5002
2886
7426
6739
8828
2397
1135
15000
11855
12552
2958
4765
11925
10277
9497
10510
10738
836
3163
6532
12757
15207
4566
2260
2552
6392
5750
11095
1747
11811
6642
3760
3166
7344
3319
6297
9618
14951
3313
12780
5546
15320
5742
7496
11343
12955
11123
10310
11924
5977
45
8342
13925
8256
5946
8390
12670
1523
4784
206
14692
4192
6589
9537
86
508
2294
6974
7004
11415
9918
8462
4662
8663
11152
7553
2209
856
11751
5458
1520
137
9088
7931
8385
9909
14177
9366
11681
11881
3358
3577
7439
9654
4775
8533
9715
13782
2453
2656
3781
10641
3023
3246
10164
15021
14752
9528
5247
1305
1815
8633
318
990
12862
8276
11754
10088
5419
2408
3295
610
10716
717
13836
5805
9285
1244
399
3389
6811
13531
9813
3164
7466
910
8027
10053
1097
11572
3835
14304
2007
6820
3428
11477
3410
2957
4226
5311
368
5614
9301
10116
5556
6833
10533
3244
13667
897
14328
7294
6727
638
3868
8231
9087
3897
6697
1127
11054
11865
13078
13730
14326
6969
14714
3508
10212
13873
14091
1398
14494
11319
8500
5313
5401
9972
11064
2093
2917
13399
8393
1974
3556
7541
7080
9587
12559
6881
12977
5121
5795
8700
8967
14833
8284
2281
1293
8606
2376
15261
3679
13634
2293
7556
11538
1850
13989
3765
13915
6668
9064
10360
10882
4634
2405
1072
9930
354
14581
8363
14406
8131
9691
5734
361
13323
7272
5707
14206
12526
2362
3270
6074
13614
3812
3823
11010
11845
7547
1332
12401
929
10026
14491
886
7867
6821
2690
1659
4989
5400
1507
6077
10914
3695
8843
8656
1938
13338
7089
2478
8986
14076
1110
9291
13943
12931
10748
7520
13317
12760
5114
4461
3713
8226
9694
10209
13196
658
1979
303
8185
9581
6722
4433
3341
12690
5367
12933
8506
4893
3869
13336
11868
13741
15059
8247
12751
14810
5157
14188
2242
12998
13773
964
9104
3077
12295
13096
11573
14921
2032
2661
3413
10940
105
518
12167
590
1353
3486
4794
11151
11391
13845
12050
8694
2669
10722
5943
10747
1553
4327
9009
11788
13482
8834
14929
39
2310
1442
9816
5809
13732
10708
11433
5554
5860
6148
7592
10263
13104
14725
13142
12935
459
5073
10528
9314
6641
3578
14379
6114
2161
13824
8549
12202
286
407
3208
7636
4524
6831
8882
11047
2846
9305
1468
6031
13132
10768
4407
4645
7903
15096
14492
10190
8194
4650
6661
5673
7321
14200
8876
3799
5432
5090
7383
11708
14313
2650
11187
10452
14973
328
4946
8647
9954
6076
7057
895
2717
3573
1661
6735
5496
6422
10325
3210
13807
6104
5305
9780
6116
2014
7875
14865
2841
5170
14788
747
7796
3947
5047
12593
2000
13212
10098
13588
467
519
5190
9175
2416
1737
4944
11466
2163
12172
13405
15101
11324
1076
10699
12103
11120
612
6225
1424
4720
12565
5211
7051
2857
4034
2195
9487
10522
13706
3298
5431
11773
5885
2898
3477
2235
4322
654
1669
5351
6308
5854
1653
6457
10581
6717
9675
249
6172
12377
9609
12566
15056
9946
3738
11597
8724
5206
1593
3223
4894
8673
10037
1021
4081
4579
13767
8347
3542
11116
14114
11521
5503
2335
7857
8
3195
4218
5339
9131
13888
3427
10741
1554
12493
340
11704
9768
1117
2987
6289
7169
4548
6208
6736
8409
5341
4062
774
2268
2607
7570
10638
10749
2056
14310
197
1772
4027
8794
9603
14448
7063
8090
10822
6167
320
7423
9249
280
4170
6389
938
7511
3789
3917
11592
9640
4556
531
52
12078
11763
744
15440
6829
5804
9450
6870
14806
10103
8576
7038
9970
13889
10278
4368
13774
9256
11219
5494
7350
5108
14360
6425
7866
10428
4158
12483
14594
688
2218
5996
6388
2647
7428
9294
10434
14309
5063
4512
4697
8688
927
6934
4377
10320
13112
14230
5333
7302
175
2913
6584
620
1759
202
7477
7999
8389
10315
10391
4409
10447
12380
783
8303
2329
4958
760
8746
11494
4468
13081
11548
14532
54
5788
12631
2653
2341
12885
82
13229
6231
263
10334
4487
186
6002
8914
313
7913
8107
11032
495
13953
3496
13454
14223
751
4982
13952
8208
12322
3771
1855
7399
4560
1487
2905
9520
8523
9993
3979
7620
14542
3579
7338
8380
12791
13052
3790
1300
7431
9367
10911
2911
13512
5740
5139
11358
12318
2753
826
6092
13275
4706
1309
2756
734
10239
12596
14012
8062
10451
1173
7489
14956
13129
10203
11611
14039
8595
4470
1739
2276
11887
1203
14201
12135
3668
8727
748
5217
6664
5153
5536
582
14613
4072
2479
9386
11916
14057
15384
2882
7844
235
12209
14485
14827
10005
5904
7876
9484
10389
3099
4395
7213
8824
10584
13188
13485
6145
4681
266
5273
9189
11525
6991
1637
34
3160
3171
14650
12173
13209
14609
15068
10168
9868
8806
15145
4936
11323
11296
15298
8931
71
12022
8329
14572
3194
6449
3138
11052
10387
11310
948
8897
12704
4875
9270
411
7297
9710
919
4482
4202
475
9142
14112
6119
15173
2765
4494
15109
7355
10462
11685
12402
9995
397
6048
2791
10547
3624
8569
1119
4124
1867
7815
4419
12759
9476
2200
8177
3416
10430
7382
2285
8989
8701
6800
9538
14561
10296
8713
1393
434
12257
15108
1891
10680
14869
10191
3199
6796
13786
16
14043
5557
5900
7602
3960
6019
10049
1336
8891
2282
13437
10836
9879
14215
9601
10898
7160
3967
12742
13311
14739
10982
2130
3213
12843
10364
6561
14338
7008
14697
7786
9999
6110
816
3278
5666
9045
2046
9631
4615
11171
9296
3814
3957
3103
12919
3605
8460
2797
13622
1726
3026
9945
10881
11606
13000
6397
11863
8082
9742
10743
2460
13746
11835
14523
14161
5080
14204
8797
6670
8361
13865
12657
10483
301
3158
3386
8816
8155
12897
3400
9509
9370
5316
12464
13859
3975
4788
7631
852
11705
7968
4477
10958
14684
12784
13044
10051
1641
12591
6902
11426
7147
9785
8293
15100
11580
7562
1751
421
5070
4983
5566
7662
8285
6683
9550
11241
12976
701
1044
6013
4801
778
4932
15250
1228
2738
11965
7353
8840
9532
14925
12383
6320
11799
11977
6678
4537
6396
4117
14663
1094
2425
15402
7275
7613
9523
5095
6258
207
7998
3830
12340
5911
7978
11730
13561
8736
1853
6699
8825
4619
7861
12090
5077
12065
5929
6094
10153
4139
3850
12696
14705
14790
7966
12983
13055
418
9674
3969
4602
12893
4052
3402
13157
5284
4858
4888
5571
10616
4196
6946
5483
3342
10453
10499
11770
5173
14127
11316
9351
12986
13331
9117
12918
13365
8440
369
7751
11176
5907
6106
4112
6
7845
5441
11473
2609
5395
10337
5054
5508
3779
8510
14709
12313
7403
3005
4495
12581
6296
1607
11906
3403
185
13662
6590
3448
2586
7925
11168
13006
7600
13591
2336
4610
4821
5662
5568
13366
6413
10291
3613
8899
784
5178
10156
10373
1187
5500
4129
14128
14926
8486
4816
13762
8726
529
12102
10808
8478
1512
1816
3893
6623
4561
11812
8084
9764
4740
4137
13937
12046
148
11186
6688
13612
7124
15435
7250
9683
1989
8374
5131
11654
14497
9653
14996
7921
2188
2530
1080
2947
1457
4073
2156
7843
14411
2030
3777
3548
11727
9822
10917
12549
12939
469
2197
10957
27
3545
3965
9395
1483
14881
3704
9058
9937
7093
14780
10739
12749
3604
3372
9176
11299
1088
13611
14607
2137
15273
4064
2126
4338
3759
7472
13501
12879
7617
2663
7790
5514
9032
12682
12819
7976
1543
10437
13483
4686
10841
13737
5797
11150
9030
435
2049
13913
6929
9549
13222
7319
14592
9784
14294
3206
4333
13575
12218
12783
3910
10567
4092
10024
10704
13924
1302
14842
4551
669
1254
13427
15354
8646
14731
14757
3661
8466
11931
13749
9644
11102
9558
12429
12830
2980
12213
13896
7162
6587
9501
13193
14519
1651
12210
9977
11875
12847
13825
9521
1847
1477
13977
10654
10531
2617
3065
3870
8430
4388
13894
12451
583
12518
11911
8173
14876
11616
9753
5398
4475
7087
7375
10659
302
11741
4673
11896
14976
11172
14004
10966
7252
9280
2088
14693
13956
6410
2603
3721
8619
10728
12645
580
10405
220
5193
14879
1511
12532
13022
441
1766
6054
8105
11367
3172
14708
4206
442
2154
3676
9239
6442
15088
11014
13259
13771
8592
516
10282
9151
9184
12390
14706
11843
11488
14808
11957
14098
10016
4205
3191
2537
13810
6922
14611
9892
4977
104
3540
1176
5466
11204
3268
8908
1166
347
3155
5544
14226
6091
10204
10991
3003
14235
13361
4696
5527
1594
9839
11212
225
1202
7218
10857
5515
333
1153
7855
10726
1083
11641
14635
1174
2997
12016
959
3137
14255
10163
11071
10141
11680
423
5202
5043
6256
14082
14789
11317
8359
4604
13645
191
2973
3608
7655
8866
13255
6757
9592
15425
6103
11646
955
6631
13511
13736
9271
15029
10406
4127
15132
8852
13246
6628
1015
13251
514
1012
1621
5509
297
10930
11672
9872
222
238
3115
8308
10010
6536
10786
10253
4874
1378
9859
8611
12190
10161
3000
15112
5594
710
2639
5334
5769
9208
11674
12579
3106
7088
13763
6344
14400
985
2477
2596
15247
5897
7288
11556
12731
12328
14232
11563
15213
4435
1069
8245
2813
12161
14299
5781
15255
15430
5521
8996
2526
2476
6011
8450
13979
11801
5516
7633
5764
9684
4025
9284
5851
10431
7625
4683
2944
8266
3871
8201
12048
13615
4526
14416
4311
3895
2471
12189
10307
10487
5174
5184
5664
7022
15075
7474
3923
19
74
14040
6206
13422
14977
3909
1167
6924
12395
707
13833
14658
14467
12844
12609
2737
13597
1008
5009
3044
11147
13098
6804
8397
10305
12005
6602
14854
4671
10014
420
8707
671
15182
370
15215
352
8805
4654
764
14420
13619
3938
3010
1859
14724
15339
10993
10868
7478
8848
10934
14582
384
4439
4623
14770
13312
8658
10028
13445
11247
11039
954
6235
3365
13400
6768
3791
1915
2333
7157
13465
14115
9086
3991
11202
5347
2210
11262
4428
11265
11901
4476
6551
15054
6364
12484
5410
923
11330
2620
4535
6330
11017
12867
15128
7448
9771
11474
10876
9645
10937
6824
8422
8642
3723
12217
13053
4745
494
2429
8978
5302
2207
13629
15077
7568
2107
7037
12384
12449
8278
8034
5261
5056
9252
7534
9452
14109
11134
14358
2406
10875
14677
7436
1086
9332
4122
11465
1480
4084
1427
2646
11510
12810
14438
5161
6798
210
3819
2382
11607
6905
3657
6174
7808
8487
9841
13319
2214
7752
11968
4973
2428
13975
12132
2711
12997
848
3027
4781
3439
8720
4986
153
12235
10870
1059
7995
7718
4630
2598
4217
11482
4846
7820
10211
8100
14157
1719
14637
3497
7493
8660
9630
14049
7766
7908
7729
1448
14117
1931
1926
108
2519
3733
5034
5474
6411
11818
2601
7803
12157
12689
9295
11710
13788
5481
9688
9134
5030
6770
7176
8599
10862
9548
7470
8088
12725
9704
4529
10221
2149
4957
5908
10358
12154
6657
15018
10205
2767
7696
3167
8879
12974
13608
10306
8304
2059
8565
13292
3534
9228
10089
2263
9089
10762
7404
5985
6408
7914
11190
12857
13929
992
9884
9979
13945
9953
4306
5595
3956
8477
6616
14325
5187
4912
594
14296
1370
6851
7795
7003
10757
10981
432
11158
13676
8577
14193
8305
3593
8310
1982
12800
7892
6632
5192
12303
8669
6415
15166
4290
6123
9952
1358
7643
2602
12636
3004
8909
5543
12816
3813
11347
8186
6557
1391
3161
2387
4454
6029
9971
1407
8485
11993
15246
8752
3936
51
13544
13410
6949
4698
10652
11752
8551
173
9650
15364
12230
6310
8984
13159
2539
9871
10352
13571
10555
9408
270
11716
3522
1801
1634
7337
9984
10284
9493
14584
3687
139
15377
6939
6869
3228
3245
14818
414
216
7422
5390
14409
3043
4160
649
11279
9963
13901
13529
5661
10420
586
1624
13216
2219
6806
11962
248
15424
5992
13665
5752
10202
13231
9232
7778
12817
10441
12391
12533
13002
6139
13940
4300
4132
8747
3371
1547
3237
11985
12233
3607
13149
10507
8246
9565
14440
12458
3177
12142
13337
2295
10698
4151
13685
4257
14282
4096
14815
7373
6622
6041
10179
3686
6790
7859
1617
9976
8452
901
5194
11280
8257
7273
14247
5948
857
4746
5107
6444
14303
9651
8528
3612
4922
14647
14197
1493
13148
13877
32
3709
2196
14508
9066
3916
5683
13963
14530
14781
10643
8833
12841
10425
14063
8936
3879
13431
14020
14097
11459
12882
4711
9274
118
4440
13919
5129
14911
11714
2557
6084
7586
10021
11885
13299
23
4741
979
14861
13675
2619
13753
6288
13131
2632
3051
5677
2855
8993
10131
14189
14370
7082
15399
3883
4107
9203
4939
5600
14603
6049
11784
4819
4038
14773
2060
6040
10456
3731
11974
3360
3266
15099
6334
4209
11673
8459
463
9663
12647
13852
6194
244
11381
14679
3108
13061
4815
2696
13524
14735
5387
6893
9326
2112
7445
15244
13920
4518
10223
8199
926
4103
1247
11166
8545
13048
14765
15111
10865
13613
6904
4947
7061
2355
15158
7002
9910
3261
5747
12656
7285
3644
8000
7982
11429
13146
12115
12021
9300
966
4920
9248
2560
4186
1436
7698
1165
4905
7179
2807
4786
12023
284
8742
11542
1843
2503
8262
7879
5434
4865
5815
11771
12982
7834
11621
6700
7522
13310
9736
9889
3056
13674
12890
3994
5824
7230
7269
5163
6686
10340
436
10710
8693
7561
6945
14531
13787
1941
8564
11866
13821
10640
11092
13418
8801
428
9919
11549
5230
6563
7248
12427
2488
2003
11023
4682
2773
6715
14318
8880
192
11871
7268
13502
881
9108
13450
4408
602
5262
5359
2201
2363
6294
6914
2507
8530
11878
11639
12743
13043
14728
1830
805
4335
2398
5866
10394
12463
14017
14086
4068
15271
5164
14339
870
8146
11089
10408
9217
9541
5391
11927
6177
10399
12675
5406
2040
10983
10497
6326
11949
156
13657
8524
159
7773
9237
10363
5427
10658
15192
5679
743
573
62
114
9306
13274
8032
6402
6633
8398
10996
14302
14101
1497
550
6799
8974
11019
6323
11137
15228
15283
12676
1181
4538
8807
6947
8413
5983
12950
11545
6574
7365
553
2643
5812
8659
2106
4110
350
11007
12481
12510
5697
12195
13627
3059
177
4959
5647
12909
8910
3550
6252
1668
11543
14652
12825
3599
417
5782
7713
17
11302
7348
9017
12331
1321
8318
8950
3355
10729
92
3242
9597
14639
14486
8773
10125
7390
13442
12261
6260
15351
4676
13032
10087
4326
13433
15180
11961
9682
3954
4051
10275
1028
6856
8798
3990
11712
6923
14060
13727
11815
3908
14468
8261
2805
7671
9441
5191
1771
12281
14988
613
14139
59
4879
4240
9075
8046
9770
10888
1284
8788
13035
11164
6034
940
2139
6749
9391
14023
8428
1152
12188
9052
10414
7186
9056
13638
6653
7502
2570
1832
12323
3168
3357
5765
13428
15321
3226
4118
2554
14083
12548
10154
293
10417
12808
4809
4997
1734
9462
8110
10258
14970
6451
12462
4687
506
3746
1587
11485
13905
14689
5784
769
13335
14035
14675
15414
7360
2989
9831
13857
2546
567
2867
6129
7841
400
9584
12822
14195
10792
6988
1103
14979
1896
1576
11506
639
10068
11307
3461
91
13473
13110
757
3618
8102
11266
9801
12301
8351
1837
7531
4607
3629
13330
2612
9451
2431
14
5756
9996
3435
4890
11146
4981
13228
2424
6182
1582
2036
12855
13371
5255
2522
14734
2246
7599
11491
1036
10184
7609
12453
3284
6420
12148
8316
9791
261
11919
8526
7056
11532
2673
5746
3362
5127
1584
242
14844
15040
14291
4030
6564
5482
10371
10397
13261
5225
6805
5720
4277
13610
5745
14612
4392
14845
56
14483
11976
8529
11571
13207
4224
8392
10409
13594
5385
6321
12092
3121
1340
877
4625
11604
12128
7459
11153
3256
9677
8670
754
3977
10100
854
1770
9701
2365
396
775
2714
5421
14066
3649
11605
1416
2085
7703
14458
12787
1968
7824
5930
5964
7580
10245
1185
11582
1589
189
6303
9745
12790
3182
10500
15423
353
3325
10480
8563
11622
7320
14334
78
7435
3302
14163
11828
14008
9053
12665
7352
7395
2389
6378
13709
3063
4010
4792
7805
2132
308
195
10435
9265
11996
13723
3865
12287
14308
6017
947
6133
12259
12291
4629
5504
7985
7408
1526
10880
8687
5591
14002
2942
8376
860
8369
8921
7180
5162
8036
12091
12445
14941
6062
11468
5318
12503
1504
15203
7069
14442
10583
13540
9890
13156
14713
2280
5807
10332
12343
2618
2220
9787
8373
14686
12990
11388
14345
13514
11797
7735
11401
1273
3660
11588
3081
14784
8418
13438
5122
2074
5828
1124
5878
306
7882
11300
14245
11786
2135
9240
5498
596
444
6960
4457
13023
14089
11469
11903
13073
1777
3481
1505
833
4862
13543
1475
4321
4614
10848
4438
6377
4319
1910
5000
6517
11232
325
13911
10328
7832
14330
13166
3152
2659
11929
641
13854
10413
1200
11069
12341
13252
12147
2077
6986
13879
2087
10313
356
3993
8964
3306
4126
10700
15086
3367
271
12004
12334
4914
96
1787
2086
914
3447
5402
7745
3880
574
9792
12032
12637
14151
2575
7450
8992
7660
1304
13397
12972
15308
946
10407
3659
8033
10357
9856
11395
13641
11192
3236
5371
7616
1471
9596
12228
7064
9095
11570
13446
15293
10233
14190
14263
2718
7231
9960
3140
10074
13678
1402
5049
4261
4834
1271
11800
1143
1561
12124
4223
14776
15305
9664
4201
7267
2702
7410
4133
10558
1862
6290
6762
4299
12912
8197
1578
3600
5304
4146
1857
986
9338
2828
2703
5766
1360
3113
14178
4716
10683
2511
7473
12531
8187
12258
14144
10789
13065
4790
13985
14350
13390
8473
231
7906
11079
4183
3785
4119
8330
549
1285
6345
9034
14246
15115
7165
9027
10105
14453
3431
12284
6647
14653
8386
343
11502
2249
22
4608
14064
2590
8822
9990
8035
10663
8570
6282
4667
9205
15325
7904
12968
15200
3887
12994
13565
8366
13318
4336
1326
12744
8031
4259
9803
10936
13815
511
525
800
9676
14762
12226
13797
6533
4750
703
12525
7575
967
11214
12197
14265
7512
2290
7543
11216
14142
4149
10129
10753
211
6746
5323
726
1496
5587
14617
2433
742
6917
14812
11013
7937
13537
1686
3068
7188
12726
1298
1908
2810
3287
8845
14591
1198
11445
14073
6892
8420
5468
579
4773
5078
8778
15195
6340
8210
8692
7886
1034
4254
4104
6045
12668
3032
720
11412
15147
3876
273
3444
1946
3930
10249
391
4128
11620
8149
5327
14741
2162
11475
11561
246
12588
2907
11163
13595
13160
7396
9741
6376
3247
2712
413
3986
11008
5852
9886
14241
1703
10297
1005
664
8075
14792
5537
12711
13823
2239
9503
15329
8751
8181
11073
12963
5845
2605
11945
8463
9319
12639
9364
9843
3983
11105
12170
9041
13378
11829
10274
1892
2211
11306
7458
14249
5420
15161
755
8972
5338
10896
9648
15315
2383
15245
3873
15134
4731
4026
4481
12086
6847
4827
8507
11830
12952
14991
11002
8827
9898
11780
7013
6943
9275
5029
5210
335
3729
14598
5712
3675
13286
8677
1488
7467
1227
4728
8765
9540
13679
2625
14867
10535
6090
8615
7101
4601
9912
2568
10840
4417
7415
1995
2932
645
7476
15092
4515
11
5676
13020
7992
1462
